# nbSommets nbAretes
500 7500
# dmin dmax
20 200
# source but val
1 2 1
1 3 1
1 5 1
1 14 1
1 22 1
1 90 1
1 240 1
1 97 1
1 292 1
1 300 1
1 217 1
1 89 1
1 133 1
1 374 1
1 334 1
1 470 1
1 339 1
1 232 1
1 137 1
1 84 1
1 255 1
1 499 1
1 110 1
1 480 1
2 4 1
2 19 1
2 131 1
2 163 1
2 209 1
2 184 1
2 225 1
2 340 1
2 106 1
2 242 1
2 72 1
2 125 1
2 492 1
2 398 1
2 139 1
2 468 1
2 347 1
2 480 1
2 219 1
2 24 1
2 50 1
2 84 1
2 107 1
2 122 1
2 168 1
2 169 1
2 339 1
2 371 1
2 443 1
2 499 1
2 196 1
2 127 1
2 229 1
2 97 1
2 175 1
2 257 1
2 137 1
2 243 1
2 38 1
3 8 1
3 12 1
3 67 1
3 95 1
3 139 1
3 447 1
3 122 1
3 234 1
3 457 1
3 217 1
3 25 1
3 256 1
3 433 1
3 113 1
3 388 1
3 306 1
3 445 1
3 358 1
3 144 1
3 10 1
3 59 1
3 72 1
3 96 1
3 106 1
3 107 1
3 163 1
3 172 1
3 194 1
3 252 1
3 257 1
3 286 1
3 321 1
3 323 1
3 365 1
3 405 1
3 492 1
3 499 1
3 219 1
3 477 1
3 353 1
4 23 1
4 55 1
4 316 1
4 177 1
4 493 1
4 226 1
4 384 1
4 178 1
4 449 1
4 224 1
4 282 1
4 190 1
4 294 1
4 405 1
4 182 1
4 191 1
4 499 1
4 150 1
4 37 1
4 93 1
4 151 1
4 200 1
4 267 1
4 366 1
4 422 1
4 321 1
4 144 1
4 492 1
4 406 1
5 6 1
5 7 1
5 17 1
5 208 1
5 22 1
5 367 1
5 157 1
5 254 1
5 323 1
5 373 1
5 278 1
5 79 1
5 305 1
5 390 1
5 466 1
5 110 1
5 334 1
5 324 1
5 252 1
5 39 1
5 42 1
5 63 1
5 115 1
5 133 1
5 135 1
5 307 1
5 338 1
5 361 1
5 362 1
5 438 1
5 495 1
5 499 1
5 474 1
5 494 1
5 298 1
5 467 1
5 150 1
6 20 1
6 21 1
6 98 1
6 326 1
6 422 1
6 448 1
6 11 1
6 316 1
6 477 1
6 393 1
6 491 1
6 426 1
6 116 1
6 272 1
6 117 1
6 409 1
6 177 1
6 297 1
6 99 1
6 92 1
6 128 1
6 144 1
6 250 1
6 283 1
6 402 1
6 499 1
6 238 1
7 9 1
7 10 1
7 28 1
7 34 1
7 60 1
7 272 1
7 281 1
7 218 1
7 445 1
7 134 1
7 238 1
7 312 1
7 290 1
7 491 1
7 135 1
7 162 1
7 269 1
7 212 1
7 466 1
7 18 1
7 31 1
7 91 1
7 93 1
7 108 1
7 170 1
7 208 1
7 213 1
7 216 1
7 408 1
7 499 1
7 155 1
7 129 1
7 254 1
7 159 1
7 168 1
7 313 1
8 13 1
8 18 1
8 40 1
8 69 1
8 222 1
8 381 1
8 158 1
8 178 1
8 75 1
8 491 1
8 43 1
8 326 1
8 500 1
8 315 1
8 303 1
8 393 1
8 305 1
8 229 1
8 9 1
8 49 1
8 84 1
8 159 1
8 202 1
8 224 1
8 291 1
8 298 1
8 339 1
8 346 1
8 499 1
8 459 1
8 343 1
8 271 1
9 11 1
9 15 1
9 31 1
9 50 1
9 84 1
9 77 1
9 343 1
9 416 1
9 252 1
9 140 1
9 14 1
9 468 1
9 85 1
9 147 1
9 206 1
9 395 1
9 436 1
9 196 1
9 71 1
9 72 1
9 125 1
9 132 1
9 155 1
9 220 1
9 254 1
9 336 1
9 351 1
9 376 1
9 499 1
9 272 1
9 124 1
9 278 1
10 44 1
10 46 1
10 51 1
10 99 1
10 29 1
10 98 1
10 464 1
10 239 1
10 63 1
10 121 1
10 415 1
10 137 1
10 111 1
10 414 1
10 461 1
10 110 1
10 228 1
10 264 1
10 11 1
10 48 1
10 50 1
10 57 1
10 92 1
10 123 1
10 162 1
10 255 1
10 257 1
10 349 1
10 426 1
10 499 1
10 314 1
10 484 1
10 477 1
10 166 1
10 93 1
10 396 1
10 350 1
10 431 1
10 100 1
11 24 1
11 25 1
11 42 1
11 499 1
11 49 1
11 72 1
11 141 1
11 33 1
11 491 1
11 108 1
11 333 1
11 425 1
11 359 1
11 471 1
11 438 1
11 327 1
11 55 1
11 41 1
11 44 1
11 98 1
11 114 1
11 129 1
11 139 1
11 158 1
11 162 1
11 182 1
11 253 1
11 262 1
11 341 1
11 465 1
11 95 1
11 261 1
11 213 1
12 37 1
12 63 1
12 84 1
12 32 1
12 448 1
12 19 1
12 227 1
12 475 1
12 115 1
12 190 1
12 214 1
12 177 1
12 309 1
12 129 1
12 312 1
12 419 1
12 42 1
12 273 1
12 29 1
12 106 1
12 116 1
12 247 1
12 277 1
12 285 1
12 298 1
12 306 1
12 341 1
12 365 1
12 499 1
12 480 1
13 16 1
13 56 1
13 91 1
13 189 1
13 201 1
13 269 1
13 36 1
13 30 1
13 300 1
13 26 1
13 39 1
13 407 1
13 358 1
13 462 1
13 265 1
13 329 1
13 400 1
13 92 1
13 382 1
13 32 1
13 54 1
13 66 1
13 69 1
13 103 1
13 115 1
13 162 1
13 172 1
13 203 1
13 273 1
13 411 1
13 440 1
13 469 1
13 489 1
13 499 1
13 177 1
13 186 1
13 379 1
13 421 1
13 264 1
14 245 1
14 482 1
14 122 1
14 330 1
14 500 1
14 347 1
14 305 1
14 115 1
14 36 1
14 19 1
14 290 1
14 344 1
14 146 1
14 102 1
14 262 1
14 187 1
14 373 1
14 289 1
14 67 1
14 101 1
14 103 1
14 114 1
14 180 1
14 207 1
14 334 1
14 353 1
14 381 1
14 444 1
14 499 1
14 41 1
14 266 1
14 488 1
14 118 1
14 423 1
14 47 1
14 39 1
15 38 1
15 89 1
15 120 1
15 174 1
15 197 1
15 454 1
15 407 1
15 318 1
15 254 1
15 431 1
15 355 1
15 160 1
15 288 1
15 317 1
15 424 1
15 116 1
15 216 1
15 16 1
15 497 1
15 27 1
15 52 1
15 85 1
15 88 1
15 102 1
15 138 1
15 155 1
15 193 1
15 248 1
15 260 1
15 312 1
15 342 1
15 415 1
15 499 1
15 117 1
15 229 1
15 20 1
15 492 1
16 33 1
16 207 1
16 320 1
16 494 1
16 198 1
16 135 1
16 327 1
16 199 1
16 480 1
16 131 1
16 311 1
16 17 1
16 149 1
16 101 1
16 359 1
16 293 1
16 201 1
16 121 1
16 80 1
16 86 1
16 108 1
16 144 1
16 178 1
16 183 1
16 317 1
16 467 1
16 326 1
16 110 1
16 450 1
16 153 1
16 376 1
16 100 1
16 461 1
16 414 1
16 412 1
16 322 1
17 30 1
17 76 1
17 173 1
17 221 1
17 479 1
17 73 1
17 409 1
17 432 1
17 480 1
17 226 1
17 186 1
17 410 1
17 81 1
17 344 1
17 197 1
17 397 1
17 268 1
17 312 1
17 68 1
17 93 1
17 108 1
17 125 1
17 126 1
17 131 1
17 192 1
17 201 1
17 210 1
17 239 1
17 348 1
17 350 1
17 54 1
17 225 1
17 477 1
17 296 1
18 61 1
18 75 1
18 112 1
18 134 1
18 302 1
18 368 1
18 489 1
18 113 1
18 281 1
18 308 1
18 310 1
18 414 1
18 135 1
18 394 1
18 265 1
18 317 1
18 409 1
18 412 1
18 34 1
18 62 1
18 90 1
18 207 1
18 276 1
18 339 1
18 348 1
18 353 1
18 429 1
18 499 1
18 453 1
18 329 1
18 68 1
19 71 1
19 191 1
19 282 1
19 388 1
19 428 1
19 416 1
19 267 1
19 204 1
19 117 1
19 387 1
19 182 1
19 189 1
19 295 1
19 114 1
19 167 1
19 21 1
19 298 1
19 51 1
19 59 1
19 84 1
19 124 1
19 130 1
19 164 1
19 185 1
19 223 1
19 261 1
19 265 1
19 279 1
19 310 1
19 235 1
19 341 1
19 454 1
19 312 1
19 236 1
19 486 1
19 172 1
19 62 1
20 35 1
20 183 1
20 186 1
20 205 1
20 266 1
20 280 1
20 470 1
20 491 1
20 76 1
20 100 1
20 142 1
20 271 1
20 496 1
20 408 1
20 82 1
20 108 1
20 188 1
20 389 1
20 416 1
20 42 1
20 58 1
20 61 1
20 75 1
20 81 1
20 94 1
20 185 1
20 191 1
20 210 1
20 238 1
20 250 1
20 286 1
20 310 1
20 332 1
20 345 1
20 434 1
20 22 1
20 68 1
20 489 1
21 39 1
21 59 1
21 101 1
21 23 1
21 422 1
21 494 1
21 286 1
21 238 1
21 402 1
21 198 1
21 154 1
21 169 1
21 400 1
21 269 1
21 55 1
21 82 1
21 457 1
21 349 1
21 42 1
21 44 1
21 54 1
21 98 1
21 100 1
21 108 1
21 166 1
21 204 1
21 264 1
21 273 1
21 283 1
21 318 1
21 416 1
21 475 1
21 237 1
21 315 1
21 246 1
21 375 1
22 26 1
22 115 1
22 196 1
22 195 1
22 124 1
22 368 1
22 491 1
22 198 1
22 467 1
22 133 1
22 468 1
22 462 1
22 40 1
22 50 1
22 70 1
22 226 1
22 437 1
22 485 1
22 23 1
22 29 1
22 38 1
22 54 1
22 58 1
22 83 1
22 98 1
22 99 1
22 100 1
22 157 1
22 175 1
22 243 1
22 255 1
22 349 1
22 393 1
22 310 1
22 52 1
23 29 1
23 326 1
23 459 1
23 406 1
23 319 1
23 245 1
23 143 1
23 221 1
23 441 1
23 296 1
23 388 1
23 341 1
23 64 1
23 442 1
23 422 1
23 290 1
23 116 1
23 57 1
23 79 1
23 89 1
23 113 1
23 140 1
23 196 1
23 209 1
23 279 1
23 288 1
23 357 1
23 401 1
23 413 1
23 426 1
23 432 1
23 435 1
23 463 1
23 481 1
23 405 1
23 66 1
23 264 1
24 156 1
24 219 1
24 143 1
24 158 1
24 107 1
24 340 1
24 124 1
24 238 1
24 307 1
24 86 1
24 276 1
24 355 1
24 154 1
24 292 1
24 138 1
24 326 1
24 251 1
24 499 1
24 80 1
24 89 1
24 110 1
24 163 1
24 197 1
24 241 1
24 260 1
24 269 1
24 288 1
24 313 1
24 465 1
24 247 1
24 291 1
24 497 1
24 230 1
24 310 1
24 157 1
25 27 1
25 128 1
25 238 1
25 244 1
25 145 1
25 495 1
25 185 1
25 364 1
25 436 1
25 479 1
25 252 1
25 277 1
25 499 1
25 194 1
25 198 1
25 62 1
25 483 1
25 312 1
25 80 1
25 104 1
25 106 1
25 138 1
25 150 1
25 156 1
25 165 1
25 169 1
25 186 1
25 193 1
25 195 1
25 211 1
25 227 1
25 259 1
25 263 1
25 323 1
25 327 1
25 409 1
25 426 1
25 427 1
25 458 1
25 132 1
25 469 1
25 159 1
25 333 1
26 41 1
26 81 1
26 204 1
26 140 1
26 418 1
26 499 1
26 263 1
26 155 1
26 349 1
26 347 1
26 430 1
26 203 1
26 43 1
26 431 1
26 494 1
26 137 1
26 256 1
26 244 1
26 171 1
26 208 1
26 222 1
26 228 1
26 258 1
26 275 1
26 280 1
26 309 1
26 316 1
26 355 1
26 482 1
26 192 1
26 367 1
26 122 1
26 444 1
26 442 1
26 388 1
26 377 1
27 179 1
27 399 1
27 239 1
27 362 1
27 263 1
27 174 1
27 340 1
27 449 1
27 382 1
27 208 1
27 146 1
27 443 1
27 190 1
27 457 1
27 147 1
27 329 1
27 374 1
27 188 1
27 110 1
27 195 1
27 219 1
27 275 1
27 292 1
27 391 1
27 415 1
27 427 1
27 499 1
27 353 1
27 198 1
27 345 1
28 32 1
28 45 1
28 210 1
28 91 1
28 29 1
28 36 1
28 437 1
28 457 1
28 238 1
28 436 1
28 386 1
28 231 1
28 72 1
28 141 1
28 474 1
28 249 1
28 40 1
28 212 1
28 110 1
28 55 1
28 59 1
28 101 1
28 205 1
28 228 1
28 265 1
28 315 1
28 413 1
28 414 1
28 499 1
28 233 1
28 165 1
28 468 1
28 494 1
28 79 1
28 412 1
29 36 1
29 77 1
29 80 1
29 190 1
29 264 1
29 434 1
29 302 1
29 385 1
29 449 1
29 315 1
29 333 1
29 331 1
29 478 1
29 273 1
29 211 1
29 32 1
29 37 1
29 44 1
29 75 1
29 91 1
29 100 1
29 150 1
29 164 1
29 230 1
29 306 1
29 382 1
29 401 1
29 411 1
29 424 1
29 499 1
29 231 1
29 122 1
29 490 1
29 493 1
30 404 1
30 434 1
30 418 1
30 39 1
30 308 1
30 105 1
30 129 1
30 336 1
30 139 1
30 65 1
30 292 1
30 376 1
30 43 1
30 178 1
30 106 1
30 71 1
30 318 1
30 80 1
30 36 1
30 46 1
30 60 1
30 68 1
30 93 1
30 156 1
30 200 1
30 212 1
30 244 1
30 258 1
30 287 1
30 401 1
30 478 1
30 495 1
30 499 1
30 213 1
30 32 1
30 206 1
30 494 1
30 280 1
31 53 1
31 57 1
31 82 1
31 87 1
31 147 1
31 296 1
31 318 1
31 356 1
31 291 1
31 427 1
31 157 1
31 175 1
31 376 1
31 471 1
31 206 1
31 491 1
31 483 1
31 477 1
31 35 1
31 109 1
31 145 1
31 219 1
31 244 1
31 245 1
31 262 1
31 283 1
31 396 1
31 405 1
31 415 1
31 320 1
31 362 1
31 332 1
32 52 1
32 292 1
32 202 1
32 417 1
32 394 1
32 239 1
32 225 1
32 498 1
32 366 1
32 60 1
32 137 1
32 430 1
32 351 1
32 429 1
32 117 1
32 43 1
32 210 1
32 219 1
32 224 1
32 357 1
32 487 1
33 70 1
33 144 1
33 306 1
33 386 1
33 403 1
33 344 1
33 196 1
33 315 1
33 200 1
33 485 1
33 242 1
33 355 1
33 159 1
33 117 1
33 326 1
33 165 1
33 322 1
33 317 1
33 47 1
33 71 1
33 91 1
33 105 1
33 107 1
33 131 1
33 166 1
33 169 1
33 251 1
33 337 1
33 378 1
33 441 1
33 54 1
33 85 1
34 64 1
34 143 1
34 310 1
34 463 1
34 147 1
34 299 1
34 65 1
34 192 1
34 255 1
34 287 1
34 190 1
34 121 1
34 346 1
34 325 1
34 51 1
34 196 1
34 336 1
34 478 1
34 75 1
34 99 1
34 117 1
34 144 1
34 202 1
34 219 1
34 250 1
34 298 1
34 360 1
34 370 1
34 433 1
34 483 1
34 200 1
34 484 1
34 240 1
34 222 1
34 221 1
34 156 1
35 54 1
35 198 1
35 387 1
35 222 1
35 451 1
35 475 1
35 66 1
35 146 1
35 290 1
35 264 1
35 131 1
35 119 1
35 288 1
35 147 1
35 443 1
35 452 1
35 466 1
35 259 1
35 74 1
35 93 1
35 136 1
35 314 1
35 336 1
35 378 1
35 407 1
35 429 1
35 484 1
35 499 1
35 358 1
35 55 1
35 250 1
35 488 1
35 280 1
35 490 1
36 126 1
36 155 1
36 258 1
36 98 1
36 264 1
36 275 1
36 160 1
36 455 1
36 446 1
36 145 1
36 150 1
36 291 1
36 468 1
36 199 1
36 485 1
36 37 1
36 499 1
36 48 1
36 50 1
36 64 1
36 106 1
36 154 1
36 221 1
36 235 1
36 263 1
36 304 1
36 469 1
36 472 1
36 362 1
36 229 1
36 477 1
36 331 1
37 150 1
37 202 1
37 215 1
37 350 1
37 303 1
37 177 1
37 207 1
37 254 1
37 151 1
37 272 1
37 399 1
37 439 1
37 469 1
37 153 1
37 316 1
37 115 1
37 69 1
37 141 1
37 197 1
37 294 1
37 345 1
37 367 1
37 421 1
37 442 1
37 470 1
37 499 1
37 102 1
37 411 1
37 282 1
37 93 1
38 74 1
38 138 1
38 446 1
38 472 1
38 96 1
38 266 1
38 80 1
38 354 1
38 362 1
38 343 1
38 128 1
38 298 1
38 157 1
38 466 1
38 441 1
38 306 1
38 257 1
38 409 1
38 55 1
38 65 1
38 141 1
38 207 1
38 240 1
38 248 1
38 272 1
38 282 1
38 283 1
38 310 1
38 311 1
38 330 1
38 368 1
38 393 1
38 499 1
38 403 1
38 363 1
38 390 1
38 259 1
38 102 1
38 62 1
38 421 1
39 66 1
39 97 1
39 117 1
39 242 1
39 212 1
39 180 1
39 447 1
39 465 1
39 330 1
39 219 1
39 363 1
39 269 1
39 253 1
39 391 1
39 237 1
39 404 1
39 54 1
39 110 1
39 123 1
39 267 1
39 281 1
39 304 1
39 347 1
39 407 1
39 429 1
39 241 1
39 394 1
39 108 1
39 102 1
40 47 1
40 100 1
40 108 1
40 269 1
40 206 1
40 350 1
40 43 1
40 470 1
40 429 1
40 352 1
40 332 1
40 272 1
40 479 1
40 353 1
40 70 1
40 136 1
40 318 1
40 176 1
40 230 1
40 241 1
40 289 1
40 413 1
40 425 1
40 469 1
41 110 1
41 153 1
41 159 1
41 440 1
41 74 1
41 418 1
41 443 1
41 315 1
41 130 1
41 123 1
41 261 1
41 94 1
41 451 1
41 479 1
41 455 1
41 220 1
41 231 1
41 345 1
41 65 1
41 76 1
41 146 1
41 248 1
41 322 1
41 342 1
41 372 1
41 425 1
41 453 1
41 475 1
41 367 1
42 121 1
42 157 1
42 455 1
42 135 1
42 51 1
42 305 1
42 133 1
42 234 1
42 484 1
42 351 1
42 462 1
42 203 1
42 74 1
42 97 1
42 83 1
42 61 1
42 71 1
42 88 1
42 113 1
42 153 1
42 163 1
42 302 1
42 306 1
42 307 1
42 393 1
42 454 1
42 476 1
42 498 1
42 266 1
42 72 1
42 373 1
42 342 1
42 273 1
43 275 1
43 76 1
43 100 1
43 109 1
43 137 1
43 175 1
43 196 1
43 217 1
43 255 1
43 341 1
43 356 1
43 395 1
43 446 1
43 172 1
43 461 1
43 82 1
43 402 1
43 97 1
43 180 1
43 154 1
43 74 1
44 48 1
44 68 1
44 375 1
44 225 1
44 70 1
44 142 1
44 89 1
44 261 1
44 125 1
44 438 1
44 265 1
44 86 1
44 140 1
44 337 1
44 182 1
44 159 1
44 137 1
44 181 1
44 185 1
44 189 1
44 190 1
44 240 1
44 266 1
44 333 1
44 338 1
44 475 1
44 489 1
44 499 1
44 463 1
44 192 1
44 283 1
45 85 1
45 275 1
45 418 1
45 217 1
45 251 1
45 419 1
45 194 1
45 157 1
45 46 1
45 293 1
45 323 1
45 266 1
45 343 1
45 467 1
45 441 1
45 112 1
45 342 1
45 460 1
45 335 1
45 50 1
45 59 1
45 60 1
45 79 1
45 248 1
45 262 1
45 271 1
45 414 1
45 456 1
45 492 1
45 474 1
45 218 1
45 440 1
45 489 1
45 472 1
45 150 1
45 402 1
45 128 1
46 125 1
46 220 1
46 327 1
46 350 1
46 363 1
46 490 1
46 117 1
46 124 1
46 114 1
46 55 1
46 388 1
46 199 1
46 194 1
46 224 1
46 379 1
46 351 1
46 142 1
46 47 1
46 70 1
46 106 1
46 139 1
46 171 1
46 202 1
46 275 1
46 432 1
46 480 1
46 420 1
47 62 1
47 237 1
47 322 1
47 324 1
47 95 1
47 102 1
47 59 1
47 287 1
47 257 1
47 104 1
47 80 1
47 81 1
47 368 1
47 421 1
47 308 1
47 387 1
47 268 1
47 79 1
47 85 1
47 125 1
47 141 1
47 167 1
47 186 1
47 188 1
47 212 1
47 234 1
47 236 1
47 386 1
47 417 1
47 440 1
47 405 1
47 48 1
47 307 1
47 428 1
47 365 1
47 419 1
47 449 1
48 179 1
48 313 1
48 485 1
48 367 1
48 236 1
48 296 1
48 229 1
48 225 1
48 412 1
48 352 1
48 338 1
48 466 1
48 239 1
48 159 1
48 462 1
48 414 1
48 104 1
48 61 1
48 143 1
48 169 1
48 181 1
48 193 1
48 199 1
48 238 1
48 291 1
48 308 1
48 310 1
48 390 1
48 392 1
48 397 1
48 428 1
48 182 1
48 253 1
48 283 1
48 146 1
48 286 1
49 73 1
49 271 1
49 110 1
49 162 1
49 294 1
49 366 1
49 264 1
49 372 1
49 444 1
49 132 1
49 293 1
49 489 1
49 439 1
49 325 1
49 375 1
49 206 1
49 191 1
49 111 1
49 61 1
49 134 1
49 237 1
49 322 1
49 386 1
49 422 1
49 207 1
49 168 1
49 121 1
49 364 1
49 395 1
49 86 1
50 58 1
50 79 1
50 419 1
50 334 1
50 413 1
50 270 1
50 172 1
50 378 1
50 207 1
50 469 1
50 120 1
50 72 1
50 126 1
50 153 1
50 61 1
50 66 1
50 198 1
50 215 1
50 253 1
50 256 1
50 317 1
50 328 1
50 395 1
50 453 1
50 420 1
50 294 1
50 166 1
50 330 1
50 389 1
50 462 1
51 86 1
51 93 1
51 260 1
51 395 1
51 421 1
51 499 1
51 232 1
51 418 1
51 495 1
51 290 1
51 461 1
51 126 1
51 83 1
51 449 1
51 64 1
51 406 1
51 56 1
51 81 1
51 104 1
51 166 1
51 214 1
51 317 1
51 337 1
51 347 1
51 475 1
51 167 1
52 94 1
52 253 1
52 321 1
52 400 1
52 423 1
52 436 1
52 324 1
52 269 1
52 97 1
52 433 1
52 270 1
52 266 1
52 182 1
52 284 1
52 437 1
52 60 1
52 291 1
52 143 1
52 69 1
52 85 1
52 103 1
52 158 1
52 162 1
52 244 1
52 305 1
52 335 1
52 381 1
52 408 1
52 470 1
52 499 1
52 222 1
52 152 1
52 104 1
52 255 1
53 65 1
53 94 1
53 259 1
53 261 1
53 138 1
53 330 1
53 386 1
53 289 1
53 62 1
53 304 1
53 306 1
53 56 1
53 93 1
53 267 1
53 181 1
53 175 1
53 216 1
53 244 1
53 81 1
53 74 1
53 82 1
53 85 1
53 153 1
53 186 1
53 240 1
53 256 1
53 257 1
53 311 1
53 348 1
53 245 1
53 253 1
53 466 1
53 321 1
54 140 1
54 385 1
54 427 1
54 176 1
54 470 1
54 281 1
54 190 1
54 236 1
54 462 1
54 472 1
54 173 1
54 263 1
54 314 1
54 114 1
54 75 1
54 65 1
54 71 1
54 156 1
54 213 1
54 220 1
54 227 1
54 261 1
54 346 1
54 358 1
54 362 1
54 500 1
54 499 1
54 73 1
54 209 1
54 108 1
55 211 1
55 384 1
55 250 1
55 350 1
55 459 1
55 411 1
55 262 1
55 343 1
55 466 1
55 354 1
55 109 1
55 147 1
55 323 1
55 390 1
55 74 1
55 123 1
55 281 1
55 361 1
55 409 1
55 454 1
55 492 1
55 499 1
55 238 1
55 161 1
55 460 1
55 331 1
56 295 1
56 107 1
56 361 1
56 401 1
56 282 1
56 331 1
56 182 1
56 470 1
56 66 1
56 143 1
56 442 1
56 238 1
56 162 1
56 204 1
56 274 1
56 225 1
56 124 1
56 64 1
56 114 1
56 129 1
56 194 1
56 268 1
56 390 1
56 424 1
56 269 1
56 314 1
57 113 1
57 284 1
57 374 1
57 74 1
57 82 1
57 60 1
57 484 1
57 343 1
57 401 1
57 449 1
57 196 1
57 95 1
57 222 1
57 331 1
57 483 1
57 328 1
57 192 1
57 80 1
57 122 1
57 136 1
57 180 1
57 267 1
57 273 1
57 293 1
57 329 1
57 342 1
57 357 1
57 387 1
57 403 1
57 488 1
57 167 1
57 249 1
58 122 1
58 145 1
58 433 1
58 384 1
58 109 1
58 65 1
58 78 1
58 87 1
58 206 1
58 323 1
58 366 1
58 222 1
58 373 1
58 140 1
58 445 1
58 495 1
58 161 1
58 111 1
58 135 1
58 247 1
58 256 1
58 265 1
58 274 1
58 295 1
58 342 1
58 414 1
58 480 1
58 498 1
58 93 1
58 432 1
58 388 1
58 176 1
59 171 1
59 440 1
59 77 1
59 219 1
59 418 1
59 120 1
59 450 1
59 114 1
59 128 1
59 334 1
59 458 1
59 161 1
59 149 1
59 410 1
59 76 1
59 166 1
59 194 1
59 205 1
59 223 1
59 319 1
59 358 1
59 372 1
59 385 1
59 429 1
59 373 1
59 266 1
59 123 1
59 99 1
59 169 1
60 106 1
60 268 1
60 170 1
60 474 1
60 345 1
60 255 1
60 179 1
60 363 1
60 77 1
60 85 1
60 448 1
60 183 1
60 443 1
60 343 1
60 78 1
60 124 1
60 141 1
60 171 1
60 208 1
60 215 1
60 226 1
60 279 1
60 353 1
60 411 1
60 420 1
60 438 1
60 439 1
60 476 1
60 499 1
60 359 1
60 110 1
60 451 1
60 132 1
60 164 1
60 152 1
60 86 1
60 157 1
61 160 1
61 62 1
61 437 1
61 180 1
61 498 1
61 307 1
61 382 1
61 264 1
61 69 1
61 499 1
61 411 1
61 477 1
61 310 1
61 80 1
61 81 1
61 98 1
61 105 1
61 108 1
61 113 1
61 132 1
61 181 1
61 303 1
61 313 1
61 360 1
61 376 1
61 408 1
61 476 1
61 182 1
61 355 1
62 105 1
62 405 1
62 473 1
62 450 1
62 155 1
62 334 1
62 129 1
62 410 1
62 173 1
62 101 1
62 358 1
62 354 1
62 130 1
62 300 1
62 197 1
62 67 1
62 82 1
62 125 1
62 187 1
62 316 1
62 322 1
62 331 1
62 391 1
62 435 1
62 481 1
62 491 1
62 499 1
62 392 1
62 372 1
62 303 1
62 92 1
63 83 1
63 168 1
63 358 1
63 177 1
63 319 1
63 257 1
63 224 1
63 255 1
63 436 1
63 222 1
63 303 1
63 242 1
63 263 1
63 185 1
63 330 1
63 226 1
63 415 1
63 68 1
63 180 1
63 192 1
63 197 1
63 218 1
63 229 1
63 232 1
63 250 1
63 338 1
63 378 1
63 101 1
63 423 1
64 92 1
64 336 1
64 306 1
64 494 1
64 256 1
64 189 1
64 328 1
64 384 1
64 205 1
64 237 1
64 305 1
64 94 1
64 409 1
64 434 1
64 393 1
64 105 1
64 121 1
64 208 1
64 209 1
64 213 1
64 269 1
64 338 1
64 362 1
64 499 1
64 153 1
64 380 1
64 135 1
64 357 1
65 105 1
65 110 1
65 211 1
65 361 1
65 333 1
65 464 1
65 296 1
65 267 1
65 315 1
65 450 1
65 144 1
65 176 1
65 455 1
65 78 1
65 100 1
65 180 1
65 189 1
65 205 1
65 303 1
65 321 1
65 324 1
65 401 1
65 101 1
65 355 1
65 129 1
66 217 1
66 265 1
66 431 1
66 449 1
66 211 1
66 450 1
66 205 1
66 399 1
66 276 1
66 88 1
66 103 1
66 142 1
66 407 1
66 105 1
66 340 1
66 162 1
66 165 1
66 343 1
66 372 1
66 401 1
66 456 1
66 117 1
67 227 1
67 345 1
67 363 1
67 497 1
67 154 1
67 449 1
67 208 1
67 281 1
67 171 1
67 309 1
67 333 1
67 437 1
67 346 1
67 147 1
67 386 1
67 385 1
67 290 1
67 74 1
67 77 1
67 245 1
67 312 1
67 365 1
67 474 1
67 203 1
67 453 1
67 239 1
68 96 1
68 339 1
68 239 1
68 271 1
68 288 1
68 442 1
68 169 1
68 272 1
68 75 1
68 171 1
68 178 1
68 179 1
68 220 1
68 175 1
68 372 1
68 465 1
68 121 1
68 186 1
68 192 1
68 227 1
68 316 1
68 376 1
68 419 1
68 452 1
68 216 1
68 360 1
68 161 1
69 78 1
69 88 1
69 104 1
69 130 1
69 381 1
69 385 1
69 245 1
69 193 1
69 77 1
69 487 1
69 223 1
69 373 1
69 420 1
69 433 1
69 259 1
69 251 1
69 290 1
69 335 1
69 339 1
69 499 1
69 417 1
69 267 1
69 247 1
69 360 1
69 248 1
69 362 1
70 235 1
70 304 1
70 250 1
70 204 1
70 191 1
70 371 1
70 108 1
70 220 1
70 142 1
70 181 1
70 389 1
70 318 1
70 358 1
70 109 1
70 334 1
70 104 1
70 123 1
70 157 1
70 159 1
70 164 1
70 165 1
70 200 1
70 225 1
70 248 1
70 272 1
70 335 1
70 499 1
70 162 1
70 206 1
70 363 1
70 259 1
71 328 1
71 426 1
71 478 1
71 298 1
71 412 1
71 362 1
71 462 1
71 118 1
71 449 1
71 90 1
71 340 1
71 321 1
71 351 1
71 254 1
71 233 1
71 280 1
71 301 1
71 464 1
71 499 1
71 203 1
71 393 1
71 378 1
71 88 1
72 123 1
72 330 1
72 266 1
72 100 1
72 456 1
72 311 1
72 290 1
72 327 1
72 418 1
72 467 1
72 98 1
72 396 1
72 285 1
72 455 1
72 96 1
72 112 1
72 143 1
72 155 1
72 182 1
72 193 1
72 200 1
72 304 1
72 312 1
72 314 1
72 328 1
72 333 1
72 421 1
72 495 1
72 499 1
72 89 1
73 114 1
73 118 1
73 486 1
73 480 1
73 415 1
73 397 1
73 341 1
73 455 1
73 359 1
73 394 1
73 74 1
73 307 1
73 482 1
73 411 1
73 128 1
73 490 1
73 262 1
73 380 1
73 79 1
73 173 1
73 195 1
73 214 1
73 280 1
73 325 1
73 499 1
73 255 1
73 158 1
73 269 1
73 211 1
73 120 1
73 132 1
74 442 1
74 256 1
74 360 1
74 335 1
74 150 1
74 162 1
74 483 1
74 157 1
74 128 1
74 80 1
74 412 1
74 88 1
74 89 1
74 120 1
74 134 1
74 155 1
74 184 1
74 191 1
74 206 1
74 259 1
74 291 1
74 325 1
74 341 1
74 344 1
74 448 1
74 499 1
74 490 1
74 468 1
74 461 1
75 442 1
75 416 1
75 374 1
75 397 1
75 275 1
75 267 1
75 469 1
75 82 1
75 249 1
75 380 1
75 208 1
75 239 1
75 141 1
75 118 1
75 149 1
75 246 1
75 316 1
75 440 1
75 281 1
75 466 1
75 335 1
75 131 1
75 391 1
75 301 1
75 283 1
75 367 1
76 87 1
76 493 1
76 421 1
76 149 1
76 83 1
76 305 1
76 209 1
76 120 1
76 356 1
76 121 1
76 153 1
76 409 1
76 148 1
76 172 1
76 442 1
76 115 1
76 127 1
76 167 1
76 203 1
76 233 1
76 243 1
76 248 1
76 307 1
76 322 1
76 380 1
76 145 1
76 383 1
76 214 1
77 425 1
77 90 1
77 88 1
77 315 1
77 486 1
77 361 1
77 82 1
77 454 1
77 441 1
77 329 1
77 334 1
77 149 1
77 473 1
77 235 1
77 127 1
77 180 1
77 199 1
77 212 1
77 238 1
77 239 1
77 278 1
77 288 1
77 375 1
77 404 1
77 485 1
77 246 1
77 405 1
77 435 1
78 472 1
78 156 1
78 118 1
78 120 1
78 237 1
78 158 1
78 423 1
78 445 1
78 276 1
78 278 1
78 428 1
78 187 1
78 211 1
78 100 1
78 128 1
78 300 1
78 91 1
78 123 1
78 138 1
78 185 1
78 203 1
78 236 1
78 266 1
78 268 1
78 312 1
78 327 1
78 330 1
78 458 1
78 485 1
78 490 1
78 499 1
78 127 1
79 129 1
79 135 1
79 248 1
79 353 1
79 186 1
79 442 1
79 286 1
79 239 1
79 487 1
79 351 1
79 136 1
79 417 1
79 369 1
79 475 1
79 150 1
79 156 1
79 166 1
79 236 1
79 265 1
79 399 1
79 499 1
79 308 1
79 102 1
79 329 1
79 226 1
80 142 1
80 152 1
80 453 1
80 92 1
80 134 1
80 260 1
80 249 1
80 204 1
80 333 1
80 267 1
80 136 1
80 138 1
80 161 1
80 164 1
80 178 1
80 206 1
80 284 1
80 321 1
80 391 1
80 479 1
80 292 1
80 143 1
80 127 1
80 105 1
80 422 1
80 157 1
80 81 1
81 451 1
81 477 1
81 147 1
81 276 1
81 236 1
81 88 1
81 281 1
81 109 1
81 299 1
81 268 1
81 458 1
81 370 1
81 402 1
81 89 1
81 113 1
81 209 1
81 232 1
81 239 1
81 254 1
81 357 1
81 460 1
81 471 1
81 485 1
82 148 1
82 374 1
82 414 1
82 271 1
82 349 1
82 428 1
82 294 1
82 440 1
82 188 1
82 117 1
82 255 1
82 211 1
82 134 1
82 151 1
82 155 1
82 177 1
82 246 1
82 277 1
82 324 1
82 360 1
82 421 1
82 438 1
82 499 1
83 449 1
83 161 1
83 468 1
83 497 1
83 211 1
83 114 1
83 273 1
83 445 1
83 200 1
83 333 1
83 225 1
83 307 1
83 132 1
83 492 1
83 265 1
83 92 1
83 99 1
83 126 1
83 136 1
83 188 1
83 221 1
83 344 1
83 356 1
83 391 1
83 402 1
83 451 1
83 466 1
83 499 1
83 235 1
83 498 1
84 103 1
84 393 1
84 138 1
84 414 1
84 163 1
84 485 1
84 342 1
84 455 1
84 424 1
84 403 1
84 112 1
84 262 1
84 321 1
84 467 1
84 158 1
84 312 1
84 378 1
84 435 1
84 499 1
84 377 1
84 474 1
84 484 1
84 437 1
85 206 1
85 370 1
85 438 1
85 282 1
85 480 1
85 434 1
85 279 1
85 190 1
85 135 1
85 245 1
85 383 1
85 359 1
85 350 1
85 260 1
85 266 1
85 276 1
85 378 1
85 423 1
85 272 1
85 356 1
85 189 1
86 315 1
86 243 1
86 452 1
86 428 1
86 405 1
86 437 1
86 270 1
86 360 1
86 361 1
86 172 1
86 366 1
86 471 1
86 190 1
86 127 1
86 291 1
86 156 1
86 134 1
86 233 1
86 286 1
86 296 1
86 339 1
86 499 1
86 372 1
87 213 1
87 273 1
87 362 1
87 408 1
87 271 1
87 90 1
87 186 1
87 460 1
87 135 1
87 236 1
87 94 1
87 379 1
87 119 1
87 451 1
87 430 1
87 132 1
87 300 1
87 131 1
87 141 1
87 264 1
87 448 1
87 499 1
87 177 1
87 97 1
88 107 1
88 333 1
88 245 1
88 147 1
88 196 1
88 446 1
88 133 1
88 343 1
88 305 1
88 492 1
88 171 1
88 462 1
88 204 1
88 179 1
88 232 1
88 296 1
88 376 1
88 387 1
88 472 1
88 307 1
88 370 1
88 229 1
88 439 1
89 317 1
89 319 1
89 296 1
89 252 1
89 358 1
89 203 1
89 447 1
89 388 1
89 481 1
89 123 1
89 459 1
89 241 1
89 389 1
89 132 1
89 133 1
89 271 1
89 499 1
89 92 1
89 283 1
89 147 1
89 403 1
90 124 1
90 288 1
90 372 1
90 323 1
90 133 1
90 364 1
90 327 1
90 91 1
90 309 1
90 458 1
90 432 1
90 114 1
90 450 1
90 446 1
90 283 1
90 179 1
90 210 1
90 218 1
90 352 1
90 466 1
90 499 1
90 289 1
90 382 1
91 195 1
91 411 1
91 149 1
91 163 1
91 280 1
91 184 1
91 452 1
91 167 1
91 165 1
91 289 1
91 237 1
91 490 1
91 260 1
91 119 1
91 124 1
91 148 1
91 285 1
91 287 1
91 298 1
91 389 1
91 402 1
91 421 1
91 453 1
91 388 1
91 470 1
91 208 1
91 390 1
92 102 1
92 164 1
92 378 1
92 399 1
92 416 1
92 445 1
92 336 1
92 253 1
92 294 1
92 437 1
92 366 1
92 243 1
92 382 1
92 148 1
92 116 1
92 126 1
92 172 1
92 215 1
92 223 1
92 230 1
92 304 1
92 229 1
92 155 1
92 264 1
92 121 1
92 265 1
93 251 1
93 499 1
93 154 1
93 224 1
93 316 1
93 498 1
93 485 1
93 170 1
93 163 1
93 457 1
93 398 1
93 486 1
93 158 1
93 107 1
93 432 1
93 446 1
93 135 1
93 96 1
93 402 1
93 419 1
94 216 1
94 383 1
94 384 1
94 239 1
94 392 1
94 299 1
94 183 1
94 227 1
94 303 1
94 435 1
94 240 1
94 300 1
94 262 1
94 121 1
94 273 1
94 278 1
94 337 1
94 441 1
94 456 1
94 434 1
94 190 1
94 234 1
95 109 1
95 382 1
95 389 1
95 447 1
95 414 1
95 149 1
95 170 1
95 229 1
95 183 1
95 173 1
95 227 1
95 168 1
95 341 1
95 388 1
95 184 1
95 297 1
95 286 1
95 181 1
95 223 1
95 301 1
95 390 1
95 439 1
95 467 1
95 479 1
95 499 1
95 127 1
96 146 1
96 225 1
96 349 1
96 189 1
96 282 1
96 442 1
96 165 1
96 181 1
96 462 1
96 463 1
96 363 1
96 190 1
96 265 1
96 297 1
96 208 1
96 97 1
96 170 1
96 186 1
96 285 1
96 291 1
96 296 1
96 368 1
96 389 1
96 487 1
96 403 1
96 263 1
96 214 1
96 137 1
96 412 1
97 118 1
97 203 1
97 242 1
97 460 1
97 462 1
97 468 1
97 122 1
97 499 1
97 382 1
97 270 1
97 212 1
97 111 1
97 452 1
97 384 1
97 336 1
97 105 1
97 107 1
97 174 1
97 333 1
97 381 1
97 339 1
97 412 1
98 101 1
98 116 1
98 356 1
98 119 1
98 224 1
98 225 1
98 301 1
98 489 1
98 302 1
98 451 1
98 465 1
98 131 1
98 123 1
98 142 1
98 172 1
98 223 1
98 275 1
98 293 1
98 308 1
98 310 1
98 367 1
98 446 1
98 481 1
98 300 1
98 125 1
98 245 1
99 276 1
99 427 1
99 492 1
99 210 1
99 191 1
99 289 1
99 416 1
99 193 1
99 385 1
99 384 1
99 314 1
99 428 1
99 265 1
99 139 1
99 374 1
99 114 1
99 153 1
99 162 1
99 231 1
99 272 1
99 275 1
99 278 1
99 287 1
99 316 1
99 342 1
99 387 1
99 341 1
99 109 1
99 136 1
100 499 1
100 210 1
100 152 1
100 245 1
100 433 1
100 452 1
100 264 1
100 441 1
100 440 1
100 391 1
100 454 1
100 162 1
100 198 1
100 227 1
100 250 1
100 251 1
100 252 1
100 405 1
100 431 1
100 490 1
100 404 1
100 434 1
100 445 1
100 273 1
101 119 1
101 223 1
101 230 1
101 459 1
101 229 1
101 145 1
101 301 1
101 146 1
101 336 1
101 186 1
101 149 1
101 112 1
101 292 1
101 231 1
101 123 1
101 152 1
101 160 1
101 191 1
101 207 1
101 239 1
101 289 1
101 295 1
101 432 1
101 434 1
101 499 1
102 249 1
102 165 1
102 264 1
102 269 1
102 374 1
102 414 1
102 306 1
102 366 1
102 276 1
102 247 1
102 305 1
102 340 1
102 138 1
102 304 1
102 368 1
102 158 1
102 104 1
102 141 1
102 164 1
102 214 1
102 216 1
102 309 1
102 352 1
102 362 1
102 415 1
102 425 1
102 447 1
102 460 1
102 499 1
102 316 1
102 420 1
102 454 1
103 250 1
103 377 1
103 324 1
103 322 1
103 170 1
103 465 1
103 470 1
103 196 1
103 301 1
103 155 1
103 222 1
103 448 1
103 265 1
103 179 1
103 177 1
103 145 1
103 303 1
103 362 1
103 372 1
103 447 1
103 499 1
103 375 1
103 176 1
103 255 1
104 132 1
104 165 1
104 442 1
104 282 1
104 355 1
104 294 1
104 356 1
104 220 1
104 408 1
104 238 1
104 328 1
104 275 1
104 394 1
104 106 1
104 117 1
104 137 1
104 143 1
104 212 1
104 237 1
104 469 1
104 489 1
104 499 1
104 359 1
104 482 1
104 290 1
104 281 1
105 318 1
105 151 1
105 202 1
105 396 1
105 360 1
105 186 1
105 118 1
105 308 1
105 449 1
105 130 1
105 486 1
105 462 1
105 173 1
105 192 1
105 238 1
105 264 1
105 324 1
105 398 1
105 405 1
105 482 1
105 487 1
105 123 1
105 426 1
106 177 1
106 305 1
106 427 1
106 243 1
106 354 1
106 282 1
106 209 1
106 309 1
106 351 1
106 285 1
106 439 1
106 118 1
106 151 1
106 186 1
106 197 1
106 321 1
106 395 1
106 499 1
106 447 1
106 171 1
106 357 1
107 228 1
107 262 1
107 354 1
107 381 1
107 202 1
107 440 1
107 300 1
107 217 1
107 213 1
107 108 1
107 166 1
107 341 1
107 127 1
107 197 1
107 245 1
107 269 1
107 273 1
107 277 1
107 314 1
107 407 1
107 422 1
107 499 1
107 468 1
107 427 1
107 303 1
107 184 1
107 227 1
107 222 1
107 462 1
107 137 1
108 268 1
108 127 1
108 146 1
108 369 1
108 498 1
108 300 1
108 403 1
108 207 1
108 301 1
108 324 1
108 139 1
108 210 1
108 221 1
108 254 1
108 424 1
108 499 1
108 455 1
109 111 1
109 297 1
109 357 1
109 175 1
109 301 1
109 498 1
109 176 1
109 181 1
109 375 1
109 121 1
109 471 1
109 419 1
109 247 1
109 114 1
109 142 1
109 163 1
109 309 1
109 317 1
109 370 1
109 499 1
109 347 1
109 433 1
109 241 1
110 183 1
110 412 1
110 119 1
110 168 1
110 137 1
110 406 1
110 166 1
110 435 1
110 309 1
110 372 1
110 234 1
110 116 1
110 160 1
110 188 1
110 297 1
110 369 1
110 376 1
110 398 1
110 407 1
110 161 1
110 332 1
110 257 1
110 295 1
111 199 1
111 308 1
111 372 1
111 314 1
111 386 1
111 330 1
111 445 1
111 231 1
111 130 1
111 443 1
111 405 1
111 310 1
111 441 1
111 279 1
111 429 1
111 134 1
111 145 1
111 170 1
111 234 1
111 238 1
111 249 1
111 261 1
111 297 1
111 375 1
111 387 1
111 411 1
111 486 1
111 438 1
112 175 1
112 185 1
112 471 1
112 249 1
112 348 1
112 218 1
112 431 1
112 373 1
112 129 1
112 453 1
112 490 1
112 167 1
112 121 1
112 127 1
112 285 1
112 151 1
112 210 1
112 297 1
112 313 1
112 350 1
112 370 1
112 392 1
112 483 1
112 320 1
112 361 1
112 306 1
112 432 1
113 170 1
113 180 1
113 380 1
113 156 1
113 294 1
113 194 1
113 350 1
113 485 1
113 152 1
113 428 1
113 484 1
113 460 1
113 368 1
113 117 1
113 119 1
113 157 1
113 165 1
113 167 1
113 221 1
113 273 1
113 332 1
113 335 1
113 405 1
113 499 1
113 291 1
113 223 1
113 478 1
113 431 1
114 262 1
114 389 1
114 339 1
114 236 1
114 441 1
114 183 1
114 393 1
114 349 1
114 125 1
114 136 1
114 165 1
114 244 1
114 256 1
114 344 1
114 384 1
114 419 1
114 472 1
114 138 1
114 336 1
115 247 1
115 224 1
115 419 1
115 297 1
115 283 1
115 298 1
115 452 1
115 491 1
115 493 1
115 425 1
115 477 1
115 164 1
115 404 1
115 128 1
115 140 1
115 151 1
115 153 1
115 159 1
115 193 1
115 195 1
115 205 1
115 232 1
115 258 1
115 285 1
115 304 1
115 358 1
115 377 1
115 394 1
115 441 1
115 346 1
115 212 1
115 388 1
116 256 1
116 487 1
116 124 1
116 272 1
116 249 1
116 259 1
116 246 1
116 164 1
116 199 1
116 354 1
116 346 1
116 451 1
116 194 1
116 120 1
116 135 1
116 143 1
116 201 1
116 241 1
116 257 1
116 289 1
116 319 1
116 494 1
116 499 1
116 290 1
116 244 1
116 163 1
116 265 1
116 333 1
116 335 1
117 174 1
117 400 1
117 456 1
117 410 1
117 351 1
117 401 1
117 343 1
117 455 1
117 412 1
117 320 1
117 148 1
117 150 1
117 209 1
117 325 1
117 472 1
117 499 1
117 192 1
117 228 1
117 481 1
117 327 1
117 374 1
118 136 1
118 162 1
118 424 1
118 459 1
118 224 1
118 445 1
118 197 1
118 495 1
118 194 1
118 208 1
118 451 1
118 453 1
118 268 1
118 141 1
118 154 1
118 290 1
118 359 1
118 181 1
119 149 1
119 306 1
119 239 1
119 257 1
119 307 1
119 341 1
119 430 1
119 418 1
119 240 1
119 385 1
119 328 1
119 416 1
119 228 1
119 216 1
119 229 1
119 247 1
119 379 1
119 154 1
119 297 1
120 133 1
120 181 1
120 433 1
120 371 1
120 139 1
120 253 1
120 329 1
120 213 1
120 475 1
120 273 1
120 409 1
120 470 1
120 466 1
120 124 1
120 125 1
120 158 1
120 221 1
120 260 1
120 266 1
120 301 1
120 317 1
120 335 1
120 365 1
120 367 1
120 412 1
120 471 1
120 481 1
120 485 1
120 499 1
120 184 1
120 180 1
121 252 1
121 267 1
121 294 1
121 474 1
121 416 1
121 340 1
121 372 1
121 452 1
121 301 1
121 128 1
121 164 1
121 213 1
121 220 1
121 225 1
121 316 1
121 332 1
121 362 1
121 440 1
121 480 1
121 499 1
121 182 1
121 317 1
121 432 1
122 127 1
122 378 1
122 258 1
122 142 1
122 175 1
122 380 1
122 441 1
122 470 1
122 356 1
122 228 1
122 402 1
122 226 1
122 366 1
122 154 1
122 146 1
122 153 1
122 155 1
122 169 1
122 218 1
122 309 1
122 421 1
122 453 1
122 454 1
122 463 1
122 469 1
122 479 1
122 275 1
122 145 1
122 129 1
123 338 1
123 129 1
123 327 1
123 486 1
123 292 1
123 171 1
123 207 1
123 168 1
123 270 1
123 460 1
123 125 1
123 151 1
123 178 1
123 184 1
123 217 1
123 316 1
123 365 1
123 406 1
123 357 1
124 236 1
124 348 1
124 465 1
124 166 1
124 217 1
124 211 1
124 222 1
124 391 1
124 163 1
124 392 1
124 176 1
124 180 1
124 224 1
124 235 1
124 245 1
124 276 1
124 280 1
124 287 1
124 326 1
124 352 1
124 376 1
124 426 1
124 491 1
124 493 1
124 213 1
124 304 1
125 239 1
125 461 1
125 243 1
125 484 1
125 297 1
125 242 1
125 339 1
125 413 1
125 147 1
125 313 1
125 140 1
125 146 1
125 190 1
125 285 1
125 319 1
125 353 1
125 432 1
125 499 1
125 407 1
125 303 1
126 172 1
126 388 1
126 351 1
126 476 1
126 457 1
126 192 1
126 167 1
126 237 1
126 256 1
126 399 1
126 473 1
126 315 1
126 416 1
126 275 1
126 207 1
126 208 1
126 215 1
126 243 1
126 246 1
126 286 1
126 324 1
126 336 1
126 369 1
126 404 1
126 413 1
126 438 1
126 499 1
126 132 1
126 370 1
126 148 1
127 278 1
127 441 1
127 159 1
127 388 1
127 454 1
127 136 1
127 129 1
127 182 1
127 466 1
127 488 1
127 328 1
127 473 1
127 140 1
127 149 1
127 181 1
127 226 1
127 239 1
127 292 1
127 297 1
127 378 1
127 382 1
127 424 1
127 456 1
127 290 1
127 361 1
127 480 1
128 309 1
128 489 1
128 493 1
128 490 1
128 464 1
128 449 1
128 156 1
128 242 1
128 237 1
128 370 1
128 140 1
128 382 1
128 420 1
128 456 1
128 488 1
128 496 1
128 499 1
128 173 1
128 219 1
128 250 1
128 426 1
129 151 1
129 311 1
129 499 1
129 210 1
129 184 1
129 300 1
129 458 1
129 213 1
129 375 1
129 345 1
129 166 1
129 140 1
129 157 1
129 179 1
129 395 1
129 420 1
129 473 1
130 290 1
130 312 1
130 472 1
130 241 1
130 191 1
130 438 1
130 228 1
130 411 1
130 333 1
130 158 1
130 399 1
130 326 1
130 147 1
130 362 1
130 138 1
130 175 1
130 181 1
130 203 1
130 210 1
130 224 1
130 437 1
130 450 1
130 484 1
131 137 1
131 274 1
131 152 1
131 388 1
131 393 1
131 253 1
131 257 1
131 461 1
131 440 1
131 261 1
131 397 1
131 299 1
131 135 1
131 179 1
131 227 1
131 395 1
131 400 1
131 240 1
132 257 1
132 242 1
132 463 1
132 144 1
132 214 1
132 204 1
132 334 1
132 151 1
132 431 1
132 351 1
132 264 1
132 458 1
132 154 1
132 227 1
132 284 1
132 291 1
132 342 1
132 443 1
132 453 1
132 483 1
132 145 1
132 209 1
132 371 1
133 200 1
133 261 1
133 347 1
133 361 1
133 402 1
133 487 1
133 320 1
133 362 1
133 305 1
133 336 1
133 249 1
133 197 1
133 138 1
133 139 1
133 173 1
133 183 1
133 255 1
133 272 1
133 318 1
133 319 1
133 392 1
133 398 1
133 400 1
133 418 1
133 431 1
133 434 1
133 499 1
133 245 1
134 228 1
134 444 1
134 313 1
134 308 1
134 341 1
134 442 1
134 294 1
134 277 1
134 418 1
134 445 1
134 207 1
134 269 1
134 137 1
134 147 1
134 188 1
134 197 1
134 304 1
134 333 1
134 375 1
134 386 1
134 402 1
134 411 1
134 435 1
134 459 1
134 344 1
135 470 1
135 277 1
135 462 1
135 429 1
135 281 1
135 418 1
135 234 1
135 166 1
135 430 1
135 149 1
135 226 1
135 230 1
135 251 1
135 252 1
135 260 1
135 278 1
135 287 1
135 299 1
135 347 1
135 397 1
135 405 1
135 413 1
135 439 1
135 246 1
135 392 1
135 463 1
135 457 1
135 146 1
136 277 1
136 413 1
136 203 1
136 170 1
136 156 1
136 250 1
136 468 1
136 453 1
136 497 1
136 152 1
136 327 1
136 138 1
136 148 1
136 252 1
136 316 1
136 364 1
136 499 1
136 397 1
136 337 1
136 289 1
137 154 1
137 161 1
137 233 1
137 249 1
137 428 1
137 271 1
137 268 1
137 274 1
137 235 1
137 160 1
137 205 1
137 215 1
137 260 1
137 357 1
137 379 1
137 468 1
137 487 1
137 492 1
137 499 1
137 272 1
137 327 1
137 216 1
137 345 1
138 472 1
138 205 1
138 243 1
138 331 1
138 412 1
138 288 1
138 256 1
138 477 1
138 169 1
138 195 1
138 219 1
138 242 1
138 246 1
138 275 1
138 383 1
138 438 1
138 483 1
138 397 1
138 451 1
138 209 1
139 178 1
139 283 1
139 286 1
139 334 1
139 485 1
139 214 1
139 337 1
139 412 1
139 213 1
139 479 1
139 380 1
139 143 1
139 147 1
139 221 1
139 352 1
139 373 1
139 411 1
139 433 1
139 453 1
139 362 1
139 396 1
139 288 1
139 358 1
140 287 1
140 291 1
140 148 1
140 306 1
140 494 1
140 383 1
140 198 1
140 257 1
140 330 1
140 171 1
140 283 1
140 369 1
140 394 1
140 346 1
140 235 1
140 483 1
140 441 1
141 166 1
141 373 1
141 300 1
141 206 1
141 431 1
141 190 1
141 145 1
141 382 1
141 356 1
141 488 1
141 215 1
141 438 1
141 486 1
142 243 1
142 289 1
142 486 1
142 146 1
142 335 1
142 368 1
142 292 1
142 356 1
142 481 1
142 350 1
142 479 1
142 148 1
142 161 1
142 234 1
142 252 1
142 259 1
142 300 1
142 320 1
142 359 1
142 340 1
142 372 1
142 476 1
142 244 1
143 167 1
143 364 1
143 377 1
143 450 1
143 493 1
143 198 1
143 366 1
143 415 1
143 233 1
143 346 1
143 185 1
143 247 1
143 309 1
143 319 1
143 329 1
143 355 1
143 483 1
143 490 1
143 417 1
143 389 1
143 356 1
143 146 1
143 440 1
143 254 1
143 317 1
144 166 1
144 375 1
144 279 1
144 261 1
144 489 1
144 160 1
144 361 1
144 344 1
144 148 1
144 178 1
144 296 1
144 495 1
144 392 1
144 168 1
144 217 1
144 225 1
144 270 1
144 378 1
144 386 1
144 498 1
144 408 1
145 192 1
145 383 1
145 371 1
145 429 1
145 466 1
145 473 1
145 305 1
145 416 1
145 298 1
145 308 1
145 163 1
145 445 1
145 155 1
145 159 1
145 174 1
145 211 1
145 219 1
145 261 1
145 302 1
145 337 1
145 362 1
145 499 1
145 443 1
145 325 1
145 187 1
146 193 1
146 352 1
146 499 1
146 233 1
146 290 1
146 318 1
146 492 1
146 278 1
146 477 1
146 353 1
146 169 1
146 224 1
146 253 1
146 316 1
146 317 1
146 367 1
146 390 1
146 420 1
146 485 1
146 395 1
146 328 1
146 217 1
147 393 1
147 356 1
147 299 1
147 151 1
147 331 1
147 499 1
147 213 1
147 148 1
147 182 1
147 203 1
147 233 1
147 247 1
147 260 1
147 314 1
147 332 1
147 434 1
147 424 1
147 328 1
147 259 1
147 422 1
147 492 1
148 235 1
148 412 1
148 201 1
148 384 1
148 445 1
148 494 1
148 242 1
148 302 1
148 403 1
148 341 1
148 310 1
148 354 1
148 369 1
148 380 1
148 420 1
148 486 1
148 290 1
148 291 1
148 462 1
148 205 1
149 499 1
149 188 1
149 379 1
149 159 1
149 156 1
149 477 1
149 276 1
149 259 1
149 333 1
149 220 1
149 275 1
149 328 1
149 346 1
149 349 1
149 391 1
149 415 1
149 427 1
149 463 1
149 476 1
149 373 1
149 221 1
150 169 1
150 394 1
150 396 1
150 483 1
150 404 1
150 263 1
150 436 1
150 258 1
150 463 1
150 319 1
150 202 1
150 313 1
150 163 1
150 231 1
150 317 1
150 427 1
150 438 1
150 499 1
150 376 1
150 398 1
150 405 1
151 442 1
151 224 1
151 345 1
151 314 1
151 454 1
151 479 1
151 192 1
151 347 1
151 246 1
151 152 1
151 162 1
151 175 1
151 189 1
151 234 1
151 284 1
151 378 1
151 494 1
151 499 1
151 180 1
151 325 1
151 463 1
151 394 1
152 414 1
152 196 1
152 399 1
152 396 1
152 426 1
152 419 1
152 216 1
152 189 1
152 354 1
152 472 1
152 173 1
152 174 1
152 229 1
152 194 1
152 207 1
152 297 1
152 301 1
152 324 1
152 395 1
152 455 1
153 485 1
153 452 1
153 458 1
153 265 1
153 437 1
153 455 1
153 164 1
153 301 1
153 408 1
153 423 1
153 411 1
153 175 1
153 179 1
153 215 1
153 266 1
153 277 1
153 283 1
153 304 1
153 307 1
153 420 1
153 466 1
153 472 1
153 163 1
153 384 1
153 217 1
154 158 1
154 450 1
154 309 1
154 430 1
154 216 1
154 234 1
154 349 1
154 431 1
154 422 1
154 202 1
154 401 1
154 170 1
154 239 1
154 251 1
154 297 1
154 331 1
154 352 1
154 377 1
154 381 1
155 374 1
155 300 1
155 359 1
155 187 1
155 251 1
155 456 1
155 468 1
155 171 1
155 269 1
155 214 1
155 215 1
155 221 1
155 249 1
155 336 1
155 365 1
155 424 1
155 439 1
155 448 1
155 362 1
155 388 1
155 405 1
156 456 1
156 243 1
156 192 1
156 488 1
156 277 1
156 308 1
156 296 1
156 206 1
156 453 1
156 196 1
156 289 1
156 307 1
156 422 1
156 474 1
156 499 1
156 345 1
156 302 1
156 263 1
156 380 1
156 460 1
157 184 1
157 323 1
157 450 1
157 255 1
157 353 1
157 426 1
157 320 1
157 486 1
157 442 1
157 256 1
157 166 1
157 176 1
157 189 1
157 230 1
157 236 1
157 274 1
157 347 1
157 368 1
157 465 1
157 478 1
157 499 1
157 414 1
157 193 1
157 214 1
157 451 1
158 224 1
158 477 1
158 449 1
158 336 1
158 457 1
158 319 1
158 197 1
158 199 1
158 184 1
158 194 1
158 198 1
158 232 1
158 251 1
158 365 1
158 425 1
158 426 1
158 441 1
158 499 1
158 166 1
158 386 1
158 388 1
159 475 1
159 317 1
159 478 1
159 180 1
159 340 1
159 233 1
159 292 1
159 457 1
159 487 1
159 477 1
159 202 1
159 215 1
159 229 1
159 352 1
159 375 1
159 402 1
159 499 1
159 178 1
160 297 1
160 181 1
160 366 1
160 499 1
160 436 1
160 448 1
160 491 1
160 272 1
160 498 1
160 229 1
160 317 1
160 305 1
160 426 1
160 184 1
160 214 1
160 245 1
160 258 1
160 346 1
160 357 1
160 368 1
160 379 1
160 425 1
160 490 1
160 337 1
160 271 1
160 166 1
161 326 1
161 487 1
161 400 1
161 465 1
161 480 1
161 471 1
161 311 1
161 272 1
161 427 1
161 297 1
161 415 1
161 404 1
161 411 1
161 483 1
161 200 1
161 307 1
161 341 1
161 399 1
161 402 1
161 422 1
161 452 1
161 499 1
161 417 1
161 478 1
161 405 1
161 473 1
162 344 1
162 200 1
162 164 1
162 499 1
162 371 1
162 325 1
162 454 1
162 213 1
162 248 1
162 280 1
162 293 1
162 301 1
162 321 1
162 360 1
162 370 1
162 400 1
162 398 1
162 311 1
162 281 1
162 488 1
162 459 1
163 441 1
163 423 1
163 291 1
163 406 1
163 271 1
163 376 1
163 312 1
163 303 1
163 455 1
163 173 1
163 237 1
163 273 1
163 293 1
163 309 1
163 409 1
163 257 1
163 463 1
163 258 1
164 408 1
164 207 1
164 438 1
164 406 1
164 470 1
164 200 1
164 481 1
164 490 1
164 270 1
164 178 1
164 234 1
164 311 1
164 332 1
164 346 1
164 351 1
164 495 1
164 335 1
164 358 1
164 315 1
164 305 1
164 458 1
164 228 1
165 231 1
165 168 1
165 315 1
165 224 1
165 190 1
165 464 1
165 166 1
165 254 1
165 445 1
165 425 1
165 184 1
165 284 1
165 287 1
165 296 1
165 321 1
165 325 1
165 372 1
165 396 1
165 376 1
165 403 1
165 216 1
166 247 1
166 453 1
166 458 1
166 359 1
166 328 1
166 258 1
166 211 1
166 212 1
166 218 1
166 224 1
166 226 1
166 249 1
166 273 1
166 306 1
166 323 1
166 356 1
166 420 1
166 486 1
166 216 1
166 449 1
167 325 1
167 359 1
167 499 1
167 309 1
167 277 1
167 326 1
167 299 1
167 492 1
167 269 1
167 182 1
167 433 1
167 294 1
167 170 1
167 227 1
167 297 1
167 331 1
167 392 1
167 432 1
167 409 1
167 375 1
167 226 1
168 307 1
168 482 1
168 329 1
168 406 1
168 352 1
168 445 1
168 331 1
168 417 1
168 192 1
168 362 1
168 436 1
168 412 1
168 393 1
168 170 1
168 264 1
168 328 1
168 354 1
168 377 1
168 447 1
168 476 1
168 473 1
168 463 1
168 262 1
168 404 1
169 204 1
169 489 1
169 450 1
169 329 1
169 207 1
169 421 1
169 435 1
169 466 1
169 235 1
169 206 1
169 209 1
169 219 1
169 222 1
169 230 1
169 232 1
169 280 1
169 285 1
169 291 1
169 302 1
169 349 1
169 389 1
169 402 1
169 420 1
169 478 1
169 228 1
170 498 1
170 450 1
170 404 1
170 302 1
170 234 1
170 218 1
170 303 1
170 444 1
170 211 1
170 238 1
170 241 1
170 337 1
170 345 1
170 417 1
170 418 1
170 375 1
170 423 1
170 401 1
170 411 1
171 445 1
171 495 1
171 496 1
171 274 1
171 202 1
171 410 1
171 234 1
171 345 1
171 257 1
171 391 1
171 179 1
171 268 1
171 286 1
171 302 1
171 386 1
171 414 1
171 456 1
171 497 1
172 182 1
172 305 1
172 259 1
172 462 1
172 425 1
172 460 1
172 463 1
172 364 1
172 263 1
172 202 1
172 480 1
172 192 1
172 173 1
172 189 1
172 240 1
172 247 1
172 278 1
172 284 1
172 317 1
172 335 1
172 342 1
172 350 1
172 389 1
172 397 1
172 411 1
172 491 1
172 497 1
172 499 1
172 345 1
172 383 1
172 227 1
172 174 1
173 187 1
173 339 1
173 445 1
173 198 1
173 177 1
173 390 1
173 192 1
173 331 1
173 372 1
173 389 1
173 174 1
173 180 1
173 220 1
173 260 1
173 317 1
173 337 1
173 456 1
173 391 1
173 422 1
173 489 1
173 207 1
173 468 1
173 392 1
174 346 1
174 417 1
174 414 1
174 361 1
174 308 1
174 323 1
174 319 1
174 282 1
174 281 1
174 188 1
174 499 1
174 388 1
174 241 1
174 200 1
174 214 1
174 227 1
174 228 1
174 235 1
174 280 1
174 299 1
174 334 1
174 476 1
175 176 1
175 285 1
175 389 1
175 432 1
175 334 1
175 329 1
175 224 1
175 320 1
175 385 1
175 353 1
175 446 1
175 499 1
175 312 1
175 483 1
175 456 1
175 200 1
176 279 1
176 406 1
176 499 1
176 371 1
176 457 1
176 474 1
176 373 1
176 452 1
176 335 1
176 180 1
176 498 1
176 220 1
176 437 1
176 246 1
176 287 1
176 321 1
176 383 1
176 400 1
176 413 1
176 476 1
176 488 1
176 209 1
176 296 1
176 380 1
177 214 1
177 246 1
177 278 1
177 406 1
177 320 1
177 294 1
177 322 1
177 341 1
177 182 1
177 253 1
177 492 1
177 197 1
177 233 1
177 257 1
177 299 1
177 326 1
177 332 1
177 338 1
177 418 1
177 456 1
177 468 1
177 478 1
177 483 1
177 352 1
177 220 1
178 194 1
178 343 1
178 381 1
178 321 1
178 238 1
178 201 1
178 320 1
178 350 1
178 190 1
178 388 1
178 196 1
178 206 1
178 269 1
178 301 1
178 310 1
178 330 1
178 411 1
178 426 1
178 471 1
178 271 1
179 451 1
179 340 1
179 497 1
179 463 1
179 182 1
179 406 1
179 225 1
179 381 1
179 491 1
179 240 1
179 433 1
179 449 1
179 361 1
180 401 1
180 243 1
180 377 1
180 313 1
180 323 1
180 196 1
180 435 1
180 385 1
180 273 1
180 417 1
180 499 1
180 388 1
180 380 1
180 448 1
180 378 1
180 356 1
181 369 1
181 464 1
181 399 1
181 361 1
181 196 1
181 222 1
181 499 1
181 285 1
181 204 1
181 213 1
181 223 1
181 277 1
181 410 1
181 427 1
181 454 1
181 209 1
181 451 1
181 461 1
181 447 1
181 292 1
181 485 1
182 454 1
182 351 1
182 444 1
182 415 1
182 187 1
182 471 1
182 310 1
182 239 1
182 266 1
182 272 1
182 291 1
182 416 1
182 427 1
182 432 1
182 464 1
182 499 1
182 370 1
182 448 1
182 495 1
182 317 1
182 229 1
182 285 1
183 315 1
183 347 1
183 459 1
183 499 1
183 393 1
183 304 1
183 426 1
183 406 1
183 364 1
183 472 1
183 369 1
183 262 1
183 209 1
183 230 1
183 237 1
183 276 1
183 302 1
183 389 1
183 397 1
183 415 1
183 223 1
184 301 1
184 462 1
184 211 1
184 185 1
184 494 1
184 309 1
184 294 1
184 448 1
184 303 1
184 392 1
184 270 1
184 295 1
184 375 1
184 487 1
184 499 1
184 314 1
185 373 1
185 386 1
185 390 1
185 477 1
185 431 1
185 370 1
185 321 1
185 357 1
185 275 1
185 186 1
185 328 1
185 187 1
185 200 1
185 211 1
185 214 1
185 229 1
185 276 1
185 375 1
185 413 1
185 195 1
185 320 1
185 343 1
186 274 1
186 445 1
186 343 1
186 287 1
186 232 1
186 493 1
186 255 1
186 201 1
186 235 1
186 251 1
186 319 1
186 322 1
186 346 1
186 463 1
186 252 1
186 377 1
186 373 1
186 438 1
187 303 1
187 326 1
187 384 1
187 327 1
187 199 1
187 461 1
187 370 1
187 217 1
187 347 1
187 260 1
187 193 1
187 364 1
187 191 1
187 201 1
187 203 1
187 279 1
187 280 1
187 297 1
187 307 1
187 314 1
187 430 1
187 476 1
188 336 1
188 368 1
188 374 1
188 478 1
188 313 1
188 216 1
188 379 1
188 268 1
188 369 1
188 314 1
188 463 1
188 193 1
188 208 1
188 253 1
188 280 1
188 323 1
188 388 1
188 496 1
188 447 1
188 376 1
188 290 1
189 254 1
189 416 1
189 306 1
189 217 1
189 458 1
189 190 1
189 412 1
189 372 1
189 496 1
189 360 1
189 195 1
189 227 1
189 256 1
189 405 1
189 408 1
189 313 1
189 484 1
190 226 1
190 361 1
190 406 1
190 460 1
190 411 1
190 242 1
190 405 1
190 468 1
190 499 1
190 355 1
190 425 1
191 209 1
191 280 1
191 437 1
191 223 1
191 494 1
191 261 1
191 385 1
191 210 1
191 347 1
191 342 1
191 284 1
191 287 1
191 290 1
191 374 1
191 453 1
191 469 1
191 482 1
191 449 1
191 412 1
191 263 1
192 229 1
192 355 1
192 379 1
192 300 1
192 456 1
192 217 1
192 327 1
192 211 1
192 220 1
192 437 1
192 439 1
192 197 1
192 393 1
193 213 1
193 390 1
193 453 1
193 473 1
193 232 1
193 410 1
193 246 1
193 225 1
193 427 1
193 346 1
193 201 1
193 256 1
193 316 1
193 367 1
193 405 1
193 457 1
193 480 1
193 499 1
193 392 1
193 472 1
193 340 1
194 485 1
194 311 1
194 397 1
194 436 1
194 220 1
194 197 1
194 324 1
194 219 1
194 231 1
194 331 1
194 333 1
194 343 1
194 388 1
194 402 1
194 483 1
194 499 1
194 439 1
194 254 1
194 445 1
195 340 1
195 477 1
195 430 1
195 367 1
195 500 1
195 381 1
195 354 1
195 255 1
195 263 1
195 382 1
195 479 1
195 228 1
195 248 1
195 405 1
195 482 1
195 366 1
195 416 1
195 424 1
195 220 1
195 431 1
196 464 1
196 282 1
196 457 1
196 375 1
196 373 1
196 459 1
196 209 1
196 214 1
196 220 1
196 232 1
196 284 1
196 331 1
196 334 1
196 236 1
196 198 1
196 472 1
196 249 1
197 380 1
197 198 1
197 500 1
197 367 1
197 247 1
197 219 1
197 207 1
197 231 1
197 313 1
197 360 1
197 382 1
197 467 1
197 499 1
197 394 1
198 212 1
198 356 1
198 412 1
198 361 1
198 238 1
198 390 1
198 464 1
198 353 1
198 221 1
198 239 1
198 267 1
198 360 1
198 222 1
198 224 1
198 495 1
198 345 1
199 246 1
199 374 1
199 203 1
199 423 1
199 330 1
199 296 1
199 288 1
199 274 1
199 319 1
199 464 1
199 309 1
199 238 1
199 355 1
199 450 1
199 228 1
200 299 1
200 390 1
200 318 1
200 371 1
200 430 1
200 392 1
200 248 1
200 389 1
200 319 1
200 403 1
200 427 1
200 499 1
200 242 1
200 475 1
201 232 1
201 414 1
201 484 1
201 460 1
201 438 1
201 448 1
201 313 1
201 485 1
201 261 1
201 410 1
201 303 1
201 220 1
201 277 1
201 300 1
201 318 1
201 326 1
201 390 1
201 407 1
201 423 1
201 433 1
201 482 1
201 287 1
201 221 1
202 228 1
202 266 1
202 342 1
202 334 1
202 212 1
202 229 1
202 215 1
202 399 1
202 262 1
202 321 1
202 355 1
202 401 1
202 359 1
202 304 1
202 276 1
202 242 1
203 437 1
203 374 1
203 444 1
203 404 1
203 217 1
203 496 1
203 270 1
203 402 1
203 208 1
203 222 1
203 416 1
203 427 1
204 259 1
204 293 1
204 384 1
204 417 1
204 441 1
204 294 1
204 219 1
204 474 1
204 484 1
204 316 1
204 260 1
204 270 1
204 311 1
204 369 1
204 382 1
204 392 1
204 372 1
204 395 1
205 240 1
205 360 1
205 318 1
205 293 1
205 325 1
205 241 1
205 450 1
205 223 1
205 368 1
205 211 1
205 497 1
205 243 1
205 244 1
205 327 1
205 328 1
205 358 1
205 367 1
205 369 1
205 370 1
205 481 1
205 492 1
205 386 1
206 419 1
206 462 1
206 223 1
206 218 1
206 342 1
206 397 1
206 226 1
206 495 1
206 242 1
206 274 1
206 283 1
206 330 1
206 379 1
206 429 1
206 469 1
206 385 1
206 405 1
206 318 1
207 338 1
207 213 1
207 311 1
207 392 1
207 337 1
207 264 1
207 281 1
207 454 1
207 471 1
207 496 1
207 290 1
207 381 1
207 354 1
207 487 1
208 392 1
208 342 1
208 477 1
208 427 1
208 424 1
208 409 1
208 496 1
208 255 1
208 292 1
208 347 1
208 380 1
208 386 1
208 499 1
208 340 1
208 464 1
209 218 1
209 338 1
209 281 1
209 275 1
209 359 1
209 487 1
209 294 1
209 216 1
209 444 1
209 248 1
209 311 1
209 321 1
209 259 1
209 235 1
210 336 1
210 448 1
210 341 1
210 425 1
210 404 1
210 439 1
210 428 1
210 435 1
210 263 1
210 267 1
210 295 1
210 299 1
210 322 1
210 331 1
210 407 1
210 417 1
210 445 1
210 255 1
211 273 1
211 409 1
211 335 1
211 414 1
211 223 1
211 249 1
211 284 1
211 325 1
211 415 1
211 446 1
211 341 1
211 215 1
212 300 1
212 351 1
212 484 1
212 245 1
212 428 1
212 352 1
212 263 1
212 299 1
212 224 1
212 273 1
212 279 1
212 316 1
212 420 1
212 472 1
212 369 1
212 232 1
212 313 1
213 334 1
213 434 1
213 353 1
213 496 1
213 325 1
213 472 1
213 263 1
213 286 1
213 299 1
213 328 1
213 499 1
213 375 1
213 272 1
213 287 1
213 481 1
213 279 1
213 249 1
214 439 1
214 323 1
214 376 1
214 360 1
214 345 1
214 219 1
214 288 1
214 295 1
214 218 1
214 235 1
214 254 1
214 398 1
214 423 1
214 315 1
214 389 1
215 494 1
215 460 1
215 217 1
215 259 1
215 402 1
215 312 1
215 398 1
215 295 1
215 279 1
215 293 1
215 348 1
215 414 1
215 447 1
215 475 1
215 470 1
215 411 1
216 243 1
216 367 1
216 467 1
216 275 1
216 477 1
216 312 1
216 493 1
216 264 1
216 287 1
216 314 1
216 217 1
216 218 1
216 240 1
216 255 1
216 261 1
216 278 1
216 298 1
216 387 1
217 365 1
217 246 1
217 465 1
217 385 1
217 264 1
217 494 1
217 286 1
217 458 1
218 454 1
218 368 1
218 492 1
218 383 1
218 271 1
218 363 1
218 249 1
218 371 1
218 481 1
218 221 1
218 236 1
218 240 1
218 398 1
218 438 1
218 482 1
218 495 1
218 301 1
218 370 1
218 243 1
219 458 1
219 221 1
219 423 1
219 498 1
219 245 1
219 238 1
219 253 1
219 303 1
219 391 1
219 468 1
219 489 1
219 380 1
219 425 1
220 263 1
220 364 1
220 334 1
220 235 1
220 237 1
220 234 1
220 241 1
220 322 1
220 327 1
220 397 1
220 467 1
220 487 1
221 499 1
221 355 1
221 462 1
221 368 1
221 332 1
221 476 1
221 375 1
221 408 1
221 338 1
221 367 1
221 430 1
221 447 1
221 226 1
222 366 1
222 391 1
222 429 1
222 406 1
222 412 1
222 255 1
222 419 1
222 449 1
222 359 1
222 230 1
222 251 1
222 348 1
222 375 1
222 410 1
222 291 1
222 330 1
222 313 1
223 326 1
223 333 1
223 250 1
223 452 1
223 397 1
223 319 1
223 499 1
223 400 1
223 228 1
223 246 1
223 262 1
223 363 1
223 431 1
223 327 1
223 234 1
223 324 1
224 249 1
224 313 1
224 365 1
224 472 1
224 458 1
225 332 1
225 464 1
225 366 1
225 436 1
225 226 1
225 461 1
225 320 1
225 283 1
225 365 1
225 427 1
225 457 1
225 463 1
225 279 1
225 409 1
225 234 1
225 490 1
226 392 1
226 234 1
226 378 1
226 498 1
226 239 1
226 449 1
226 337 1
226 267 1
226 251 1
226 483 1
226 262 1
227 398 1
227 378 1
227 229 1
227 396 1
227 477 1
227 318 1
227 354 1
227 251 1
227 268 1
227 278 1
227 403 1
227 433 1
227 431 1
227 432 1
228 496 1
228 242 1
228 346 1
228 229 1
228 406 1
228 287 1
228 403 1
228 349 1
228 274 1
228 284 1
228 308 1
228 357 1
228 358 1
228 398 1
228 395 1
228 337 1
228 407 1
229 352 1
229 387 1
229 284 1
229 457 1
229 363 1
229 458 1
229 237 1
229 260 1
229 310 1
229 339 1
229 365 1
229 415 1
229 324 1
229 318 1
229 406 1
230 234 1
230 241 1
230 481 1
230 462 1
230 274 1
230 403 1
230 256 1
230 394 1
230 251 1
230 479 1
230 250 1
230 442 1
230 382 1
230 389 1
230 475 1
231 266 1
231 442 1
231 290 1
231 293 1
231 282 1
231 448 1
231 410 1
231 344 1
231 334 1
231 300 1
231 280 1
231 246 1
231 267 1
231 318 1
231 324 1
231 439 1
231 487 1
231 348 1
231 429 1
231 474 1
231 260 1
232 490 1
232 423 1
232 448 1
232 249 1
232 325 1
232 405 1
232 331 1
232 310 1
232 329 1
232 419 1
232 361 1
232 347 1
233 417 1
233 235 1
233 364 1
233 461 1
233 365 1
233 468 1
233 243 1
233 312 1
233 378 1
233 384 1
233 341 1
233 252 1
233 310 1
233 350 1
233 454 1
233 499 1
233 442 1
234 498 1
234 247 1
234 466 1
234 279 1
234 340 1
234 337 1
234 344 1
234 355 1
234 470 1
234 468 1
234 266 1
234 310 1
234 316 1
234 456 1
234 296 1
234 302 1
235 461 1
235 237 1
235 376 1
235 350 1
235 269 1
235 260 1
235 444 1
235 412 1
235 378 1
235 379 1
235 473 1
235 494 1
235 474 1
235 359 1
236 298 1
236 416 1
236 434 1
236 289 1
236 500 1
236 359 1
236 384 1
236 419 1
236 417 1
236 253 1
236 354 1
236 346 1
237 340 1
237 435 1
237 312 1
237 274 1
237 308 1
237 397 1
237 265 1
237 268 1
237 277 1
237 299 1
237 396 1
237 469 1
237 370 1
237 244 1
238 289 1
238 283 1
238 431 1
238 245 1
238 288 1
238 402 1
238 408 1
238 440 1
238 442 1
238 499 1
238 355 1
239 415 1
239 243 1
239 266 1
239 267 1
239 343 1
239 388 1
239 434 1
239 439 1
239 488 1
240 370 1
240 282 1
240 490 1
240 280 1
240 489 1
240 383 1
240 296 1
240 434 1
240 372 1
240 270 1
240 271 1
240 288 1
240 325 1
240 339 1
240 438 1
240 443 1
240 495 1
241 329 1
241 391 1
241 326 1
241 387 1
241 321 1
241 489 1
241 300 1
241 270 1
241 268 1
241 425 1
241 289 1
241 302 1
241 348 1
241 357 1
241 370 1
241 381 1
241 420 1
241 499 1
241 267 1
241 393 1
242 285 1
242 463 1
242 421 1
242 452 1
242 469 1
242 409 1
242 489 1
242 250 1
242 274 1
242 280 1
242 443 1
243 351 1
243 422 1
243 464 1
243 465 1
243 289 1
243 250 1
243 270 1
243 278 1
243 363 1
243 364 1
243 409 1
243 499 1
243 387 1
244 285 1
244 312 1
244 323 1
244 283 1
244 437 1
244 330 1
244 254 1
244 336 1
244 341 1
244 459 1
244 298 1
244 379 1
244 380 1
245 250 1
245 497 1
245 288 1
245 348 1
245 491 1
245 369 1
245 254 1
245 262 1
245 280 1
245 364 1
245 378 1
245 334 1
245 419 1
245 319 1
245 385 1
246 255 1
246 478 1
246 483 1
246 411 1
246 315 1
246 343 1
246 253 1
246 258 1
246 275 1
246 299 1
246 369 1
246 382 1
246 497 1
246 291 1
247 278 1
247 334 1
247 293 1
247 308 1
247 458 1
247 295 1
247 490 1
247 449 1
247 285 1
247 373 1
247 392 1
247 401 1
247 404 1
247 478 1
247 340 1
247 435 1
247 269 1
248 453 1
248 358 1
248 464 1
248 486 1
248 359 1
248 496 1
248 460 1
248 337 1
248 347 1
248 287 1
248 320 1
248 328 1
248 348 1
248 426 1
248 444 1
248 459 1
248 402 1
249 270 1
249 374 1
249 347 1
249 464 1
249 336 1
249 308 1
249 352 1
249 456 1
249 405 1
249 388 1
249 394 1
250 253 1
250 294 1
250 458 1
250 256 1
250 300 1
250 257 1
250 314 1
250 423 1
250 444 1
250 443 1
251 498 1
251 292 1
251 453 1
251 289 1
251 265 1
251 329 1
251 388 1
251 397 1
251 499 1
251 270 1
252 492 1
252 288 1
252 498 1
252 393 1
252 394 1
252 459 1
252 389 1
252 493 1
252 294 1
252 259 1
252 274 1
252 291 1
252 369 1
252 300 1
252 368 1
252 374 1
253 407 1
253 345 1
253 341 1
253 497 1
253 421 1
253 293 1
253 263 1
253 302 1
253 311 1
253 369 1
253 492 1
253 441 1
253 303 1
254 371 1
254 373 1
254 286 1
254 318 1
254 500 1
254 458 1
254 497 1
254 351 1
254 269 1
254 298 1
254 330 1
254 440 1
254 418 1
254 401 1
255 500 1
255 484 1
255 457 1
255 448 1
255 268 1
255 313 1
255 319 1
255 371 1
255 464 1
255 471 1
255 499 1
255 498 1
255 372 1
255 429 1
255 306 1
256 458 1
256 397 1
256 267 1
256 258 1
256 335 1
256 427 1
256 434 1
256 470 1
256 499 1
257 269 1
257 481 1
257 369 1
257 482 1
257 326 1
257 477 1
257 324 1
257 466 1
257 499 1
258 475 1
258 432 1
258 374 1
258 266 1
258 380 1
258 382 1
258 473 1
258 337 1
258 439 1
258 336 1
258 342 1
258 433 1
258 483 1
258 306 1
258 397 1
259 339 1
259 399 1
259 292 1
259 391 1
259 400 1
259 272 1
259 260 1
259 408 1
259 279 1
259 281 1
259 304 1
259 328 1
259 358 1
259 367 1
259 473 1
259 380 1
260 261 1
260 418 1
260 381 1
260 292 1
260 262 1
260 276 1
260 293 1
260 313 1
260 318 1
260 379 1
260 498 1
261 444 1
261 350 1
261 378 1
261 445 1
261 469 1
261 417 1
261 263 1
261 277 1
261 283 1
261 299 1
261 301 1
261 303 1
261 421 1
261 471 1
261 330 1
261 458 1
261 276 1
262 443 1
262 316 1
262 282 1
262 285 1
262 380 1
262 273 1
262 420 1
262 423 1
262 497 1
262 304 1
262 276 1
262 312 1
262 477 1
262 355 1
263 462 1
263 347 1
263 406 1
263 360 1
263 425 1
263 276 1
263 316 1
263 352 1
263 358 1
263 370 1
263 400 1
263 493 1
264 479 1
264 382 1
264 447 1
264 435 1
264 319 1
264 322 1
264 332 1
264 470 1
264 487 1
264 488 1
265 378 1
265 336 1
265 363 1
265 302 1
265 407 1
265 272 1
265 303 1
265 330 1
265 395 1
265 402 1
265 405 1
265 435 1
265 448 1
265 465 1
265 375 1
266 368 1
266 441 1
266 347 1
266 444 1
266 371 1
266 281 1
266 287 1
266 292 1
266 443 1
266 457 1
266 377 1
266 273 1
266 464 1
267 314 1
267 419 1
267 343 1
267 353 1
267 363 1
267 478 1
267 495 1
267 496 1
267 355 1
267 337 1
268 445 1
268 309 1
268 462 1
268 488 1
268 444 1
268 305 1
268 337 1
268 405 1
268 499 1
268 422 1
269 311 1
269 394 1
269 406 1
269 307 1
269 317 1
269 421 1
269 438 1
269 444 1
269 469 1
269 472 1
269 499 1
269 295 1
270 334 1
270 499 1
270 431 1
270 350 1
270 486 1
270 348 1
270 284 1
270 391 1
270 448 1
270 295 1
270 491 1
270 497 1
270 316 1
270 340 1
271 451 1
271 432 1
271 395 1
271 298 1
271 356 1
271 410 1
271 353 1
271 344 1
271 486 1
271 278 1
271 284 1
271 301 1
271 394 1
271 485 1
271 500 1
271 499 1
271 316 1
272 430 1
272 379 1
272 492 1
272 288 1
272 281 1
272 377 1
272 473 1
272 482 1
272 486 1
273 418 1
273 445 1
273 461 1
273 295 1
273 321 1
273 379 1
273 384 1
273 451 1
273 466 1
274 333 1
274 354 1
274 462 1
274 305 1
274 294 1
274 373 1
274 360 1
274 383 1
274 387 1
275 345 1
275 383 1
275 419 1
275 276 1
275 278 1
275 286 1
275 304 1
275 314 1
275 323 1
275 330 1
275 332 1
275 346 1
275 404 1
275 493 1
275 479 1
275 399 1
276 467 1
276 307 1
276 353 1
276 330 1
276 426 1
276 285 1
276 286 1
276 306 1
276 364 1
276 368 1
276 391 1
276 393 1
276 442 1
276 475 1
276 327 1
276 340 1
277 387 1
277 388 1
277 308 1
277 455 1
277 393 1
277 312 1
277 319 1
277 323 1
277 345 1
278 410 1
278 340 1
278 446 1
278 450 1
278 370 1
278 374 1
278 435 1
279 456 1
279 300 1
279 343 1
279 447 1
279 457 1
279 473 1
279 339 1
279 350 1
279 290 1
279 349 1
279 446 1
279 460 1
279 281 1
279 375 1
279 360 1
280 452 1
280 444 1
280 399 1
280 338 1
280 281 1
280 358 1
280 362 1
280 398 1
280 468 1
280 291 1
281 460 1
281 416 1
281 352 1
281 476 1
281 484 1
281 311 1
281 325 1
281 354 1
281 366 1
281 373 1
281 394 1
282 331 1
282 367 1
282 494 1
282 440 1
282 467 1
282 376 1
282 290 1
282 357 1
282 364 1
282 479 1
282 387 1
282 427 1
283 320 1
283 450 1
283 451 1
283 446 1
283 287 1
283 406 1
283 362 1
283 426 1
283 437 1
283 478 1
284 340 1
284 431 1
284 322 1
284 358 1
284 395 1
284 440 1
284 348 1
284 367 1
284 377 1
284 383 1
284 443 1
284 463 1
284 401 1
284 436 1
284 399 1
285 389 1
285 306 1
285 408 1
285 460 1
285 315 1
285 338 1
285 348 1
285 373 1
285 423 1
285 294 1
285 309 1
285 387 1
286 500 1
286 430 1
286 340 1
286 418 1
286 296 1
286 460 1
286 363 1
286 311 1
286 315 1
286 416 1
286 499 1
286 312 1
286 325 1
286 303 1
286 461 1
286 306 1
287 440 1
287 302 1
287 359 1
287 387 1
287 422 1
287 460 1
287 499 1
287 344 1
287 296 1
288 379 1
288 380 1
288 398 1
288 465 1
288 452 1
288 325 1
288 438 1
289 371 1
289 430 1
289 453 1
289 331 1
289 315 1
289 420 1
289 448 1
289 465 1
289 478 1
289 336 1
289 381 1
290 379 1
290 306 1
290 443 1
290 403 1
290 437 1
290 297 1
290 325 1
290 333 1
290 499 1
290 429 1
290 472 1
290 412 1
290 320 1
290 485 1
291 459 1
291 481 1
291 444 1
291 432 1
291 334 1
291 336 1
291 360 1
291 424 1
292 378 1
292 365 1
292 340 1
292 404 1
292 455 1
292 349 1
292 361 1
292 453 1
292 492 1
292 487 1
293 405 1
293 471 1
293 347 1
293 464 1
293 330 1
293 376 1
293 476 1
293 499 1
293 495 1
293 435 1
294 335 1
294 345 1
294 320 1
294 301 1
294 386 1
294 394 1
294 417 1
294 370 1
295 439 1
295 467 1
295 500 1
295 474 1
295 336 1
295 346 1
295 351 1
295 371 1
295 465 1
295 368 1
295 317 1
295 338 1
295 349 1
295 363 1
295 395 1
295 487 1
295 491 1
296 409 1
296 338 1
296 423 1
296 434 1
296 498 1
296 398 1
296 312 1
296 346 1
296 446 1
296 476 1
297 414 1
297 456 1
297 395 1
297 320 1
297 332 1
297 389 1
297 391 1
297 421 1
297 475 1
297 483 1
297 413 1
298 475 1
298 443 1
298 477 1
298 499 1
298 381 1
298 374 1
298 338 1
298 373 1
298 377 1
298 421 1
298 438 1
298 325 1
298 454 1
298 310 1
298 416 1
299 443 1
299 303 1
299 305 1
299 455 1
299 324 1
299 357 1
299 363 1
299 364 1
299 381 1
299 499 1
299 306 1
300 463 1
300 304 1
300 376 1
300 499 1
300 432 1
301 342 1
301 420 1
301 396 1
301 356 1
301 382 1
301 471 1
301 499 1
301 320 1
302 337 1
302 341 1
302 412 1
302 429 1
302 493 1
302 446 1
302 307 1
302 314 1
302 389 1
302 305 1
302 348 1
303 461 1
303 429 1
303 316 1
303 359 1
303 389 1
303 392 1
303 396 1
303 401 1
303 499 1
303 432 1
303 481 1
304 355 1
304 311 1
304 430 1
304 384 1
304 467 1
304 395 1
304 318 1
304 321 1
304 326 1
304 499 1
304 421 1
305 351 1
305 484 1
305 436 1
305 361 1
305 465 1
306 364 1
306 481 1
306 465 1
306 494 1
306 310 1
306 318 1
306 321 1
306 324 1
306 352 1
306 398 1
306 461 1
306 491 1
306 499 1
307 353 1
307 471 1
307 400 1
307 491 1
307 413 1
308 435 1
308 461 1
308 472 1
308 456 1
308 315 1
308 322 1
308 388 1
308 392 1
308 310 1
309 449 1
309 384 1
309 490 1
309 392 1
309 407 1
309 367 1
310 377 1
310 443 1
310 366 1
310 347 1
310 325 1
310 348 1
310 436 1
310 373 1
311 332 1
311 391 1
311 429 1
311 329 1
311 349 1
311 401 1
311 432 1
311 475 1
311 407 1
312 430 1
312 420 1
312 482 1
312 490 1
312 361 1
313 407 1
313 476 1
313 454 1
313 493 1
313 406 1
313 490 1
313 380 1
313 385 1
313 499 1
313 389 1
313 487 1
313 413 1
314 360 1
314 439 1
314 474 1
314 379 1
314 403 1
314 358 1
314 373 1
314 435 1
314 499 1
315 490 1
315 445 1
315 474 1
315 488 1
315 384 1
315 407 1
315 425 1
315 480 1
315 497 1
315 499 1
315 481 1
315 381 1
315 429 1
316 409 1
316 459 1
316 495 1
316 498 1
316 331 1
316 492 1
316 347 1
317 371 1
317 494 1
317 392 1
317 421 1
317 443 1
317 365 1
317 439 1
317 339 1
318 498 1
318 379 1
318 333 1
318 348 1
318 371 1
318 447 1
318 429 1
319 371 1
319 404 1
319 367 1
319 385 1
319 396 1
319 429 1
319 447 1
319 493 1
319 338 1
319 496 1
320 376 1
320 326 1
320 366 1
320 346 1
320 497 1
320 474 1
320 340 1
320 379 1
320 434 1
320 396 1
320 368 1
321 366 1
321 359 1
321 323 1
321 403 1
321 446 1
322 483 1
322 463 1
322 481 1
322 366 1
322 327 1
322 362 1
322 355 1
322 500 1
322 488 1
322 384 1
323 471 1
323 413 1
323 476 1
323 382 1
323 385 1
323 424 1
323 499 1
323 324 1
323 406 1
323 366 1
324 349 1
324 500 1
324 325 1
324 493 1
324 455 1
324 399 1
324 407 1
324 409 1
325 468 1
325 345 1
325 377 1
325 385 1
325 395 1
325 409 1
325 418 1
325 424 1
325 371 1
326 420 1
326 348 1
326 491 1
326 424 1
326 428 1
326 499 1
326 352 1
326 468 1
326 373 1
327 493 1
327 474 1
327 340 1
327 473 1
327 490 1
327 461 1
327 480 1
328 400 1
328 458 1
328 332 1
328 363 1
328 411 1
328 446 1
328 461 1
328 464 1
328 481 1
329 466 1
329 331 1
329 357 1
329 404 1
329 445 1
329 436 1
329 374 1
329 337 1
329 387 1
329 479 1
329 469 1
330 451 1
330 484 1
330 339 1
330 370 1
330 497 1
331 357 1
331 363 1
331 405 1
331 335 1
331 349 1
331 410 1
331 413 1
331 381 1
331 364 1
332 413 1
332 493 1
332 417 1
332 397 1
332 362 1
332 407 1
332 390 1
332 460 1
332 427 1
333 435 1
333 335 1
333 376 1
333 381 1
333 461 1
333 499 1
334 476 1
334 430 1
334 468 1
334 411 1
335 403 1
335 375 1
335 456 1
335 481 1
335 450 1
335 338 1
335 422 1
335 443 1
335 448 1
335 453 1
335 498 1
336 364 1
336 352 1
336 477 1
336 424 1
337 400 1
337 433 1
337 401 1
337 475 1
337 345 1
337 357 1
337 405 1
337 486 1
337 466 1
337 418 1
338 479 1
338 495 1
338 437 1
338 407 1
338 423 1
338 435 1
338 499 1
338 362 1
339 469 1
339 415 1
339 410 1
339 441 1
339 462 1
339 376 1
339 387 1
339 405 1
339 373 1
340 407 1
340 492 1
340 419 1
340 428 1
340 448 1
340 463 1
340 341 1
341 494 1
341 381 1
341 361 1
341 377 1
341 391 1
341 483 1
342 383 1
342 351 1
342 348 1
342 396 1
342 364 1
342 400 1
342 461 1
342 388 1
342 490 1
343 497 1
343 365 1
343 481 1
343 478 1
343 377 1
343 383 1
343 388 1
343 392 1
343 403 1
343 413 1
344 422 1
344 485 1
344 383 1
344 391 1
344 394 1
344 390 1
344 467 1
344 384 1
344 476 1
344 403 1
344 420 1
344 439 1
345 438 1
345 489 1
345 432 1
345 467 1
345 458 1
345 499 1
345 381 1
345 371 1
346 447 1
346 488 1
346 353 1
346 403 1
346 425 1
346 429 1
346 499 1
346 452 1
346 456 1
346 422 1
347 428 1
347 399 1
347 423 1
347 430 1
348 440 1
348 492 1
348 481 1
348 356 1
348 369 1
348 398 1
348 427 1
348 499 1
348 394 1
349 463 1
349 459 1
349 465 1
349 488 1
349 393 1
350 451 1
350 496 1
350 500 1
350 423 1
350 370 1
350 375 1
350 408 1
351 480 1
351 384 1
351 413 1
351 418 1
351 424 1
351 470 1
351 500 1
351 382 1
351 410 1
352 489 1
352 477 1
352 486 1
352 380 1
352 447 1
352 358 1
352 495 1
353 489 1
353 468 1
353 454 1
353 418 1
353 357 1
353 370 1
353 415 1
353 476 1
353 486 1
353 499 1
354 417 1
354 436 1
354 433 1
354 398 1
354 440 1
354 428 1
354 483 1
355 410 1
355 404 1
355 386 1
355 499 1
355 372 1
355 391 1
355 359 1
355 415 1
355 394 1
355 494 1
356 449 1
356 466 1
356 478 1
356 425 1
356 413 1
356 409 1
356 432 1
357 431 1
357 371 1
357 393 1
357 424 1
357 380 1
357 400 1
357 410 1
357 428 1
357 482 1
357 449 1
357 462 1
358 417 1
358 412 1
358 362 1
358 398 1
358 407 1
358 462 1
358 474 1
358 406 1
358 371 1
359 430 1
359 482 1
359 361 1
359 395 1
359 419 1
359 426 1
359 435 1
359 444 1
359 499 1
359 390 1
360 411 1
360 424 1
360 459 1
360 489 1
360 429 1
360 469 1
360 499 1
360 388 1
361 473 1
361 478 1
361 394 1
361 390 1
361 387 1
361 450 1
361 474 1
361 499 1
362 484 1
362 396 1
362 408 1
362 449 1
362 476 1
362 490 1
363 396 1
363 439 1
363 455 1
363 472 1
363 364 1
363 383 1
363 393 1
363 497 1
363 425 1
364 413 1
364 402 1
364 377 1
364 387 1
365 440 1
365 399 1
365 382 1
365 483 1
365 466 1
365 452 1
365 392 1
365 398 1
365 428 1
365 384 1
365 436 1
366 404 1
366 406 1
366 375 1
366 422 1
366 424 1
366 468 1
367 417 1
367 462 1
367 480 1
367 432 1
367 465 1
367 475 1
367 458 1
367 483 1
368 377 1
368 442 1
368 383 1
368 499 1
368 483 1
369 420 1
369 422 1
369 428 1
370 465 1
370 488 1
370 406 1
370 401 1
370 482 1
370 499 1
370 455 1
370 479 1
371 397 1
371 436 1
371 419 1
371 417 1
371 488 1
371 492 1
371 487 1
371 421 1
371 394 1
372 457 1
372 477 1
372 415 1
372 398 1
372 492 1
372 399 1
372 488 1
373 452 1
373 445 1
373 451 1
373 393 1
373 411 1
373 426 1
373 439 1
373 423 1
374 408 1
374 396 1
374 467 1
374 451 1
374 473 1
375 403 1
375 437 1
375 385 1
375 393 1
375 390 1
375 427 1
375 443 1
376 457 1
376 458 1
376 449 1
376 499 1
377 458 1
377 474 1
377 431 1
377 440 1
377 401 1
377 392 1
377 479 1
378 446 1
378 418 1
378 459 1
379 451 1
379 407 1
379 420 1
379 428 1
379 461 1
379 488 1
380 399 1
380 408 1
380 400 1
380 489 1
380 499 1
380 405 1
381 454 1
381 387 1
381 496 1
381 476 1
381 386 1
381 401 1
381 408 1
381 422 1
381 497 1
381 499 1
381 410 1
382 385 1
382 396 1
382 415 1
382 403 1
383 436 1
383 431 1
383 418 1
383 417 1
383 495 1
383 499 1
384 426 1
384 413 1
384 440 1
384 473 1
384 474 1
385 445 1
385 421 1
385 422 1
385 444 1
385 499 1
386 430 1
386 408 1
386 489 1
386 496 1
386 419 1
386 416 1
386 437 1
386 453 1
386 480 1
387 485 1
387 402 1
387 432 1
387 482 1
388 423 1
388 390 1
388 430 1
388 499 1
389 446 1
389 467 1
389 420 1
390 431 1
390 484 1
390 414 1
390 462 1
391 436 1
391 443 1
391 487 1
391 499 1
392 450 1
392 393 1
392 488 1
392 479 1
392 404 1
393 433 1
393 489 1
393 431 1
393 476 1
394 419 1
394 474 1
394 441 1
394 414 1
394 489 1
394 467 1
394 425 1
395 495 1
395 433 1
395 494 1
395 406 1
395 473 1
395 401 1
395 489 1
395 486 1
396 447 1
396 439 1
396 496 1
396 413 1
396 399 1
396 471 1
396 448 1
397 455 1
397 470 1
397 499 1
397 441 1
397 476 1
397 491 1
397 452 1
398 434 1
398 499 1
398 498 1
398 418 1
399 481 1
399 465 1
399 407 1
399 455 1
400 432 1
400 475 1
400 465 1
401 489 1
401 464 1
401 454 1
401 497 1
401 480 1
402 423 1
402 406 1
402 447 1
403 426 1
403 436 1
403 406 1
403 441 1
403 499 1
404 473 1
404 424 1
404 436 1
404 488 1
405 456 1
405 476 1
405 413 1
406 499 1
406 479 1
406 423 1
407 424 1
408 442 1
408 456 1
408 484 1
408 499 1
408 431 1
409 455 1
409 433 1
409 475 1
409 499 1
409 416 1
409 476 1
409 494 1
409 427 1
410 499 1
410 459 1
410 433 1
410 470 1
410 427 1
410 463 1
410 496 1
411 499 1
411 471 1
412 469 1
412 471 1
412 468 1
412 431 1
412 459 1
412 482 1
412 499 1
413 494 1
413 493 1
413 499 1
413 433 1
413 464 1
414 490 1
414 466 1
415 484 1
415 446 1
416 494 1
416 455 1
416 499 1
416 449 1
417 425 1
417 419 1
417 464 1
417 492 1
418 424 1
418 480 1
418 466 1
418 485 1
419 480 1
419 486 1
419 499 1
419 456 1
420 431 1
420 426 1
420 480 1
421 490 1
421 440 1
421 430 1
421 449 1
421 479 1
421 500 1
421 499 1
421 436 1
422 439 1
422 495 1
422 440 1
423 488 1
423 465 1
423 428 1
424 481 1
424 434 1
424 474 1
424 499 1
424 483 1
425 452 1
425 446 1
425 478 1
425 499 1
425 439 1
425 458 1
426 441 1
426 461 1
426 475 1
426 484 1
426 480 1
427 438 1
427 464 1
428 477 1
428 488 1
428 499 1
428 433 1
428 468 1
429 452 1
429 460 1
429 498 1
429 436 1
429 496 1
430 468 1
430 474 1
430 485 1
431 434 1
431 444 1
432 433 1
432 499 1
432 483 1
433 499 1
434 447 1
434 457 1
434 499 1
435 461 1
435 454 1
435 451 1
436 439 1
436 494 1
437 487 1
438 500 1
438 499 1
438 472 1
439 455 1
439 499 1
440 451 1
441 491 1
441 499 1
442 497 1
442 491 1
442 499 1
443 469 1
443 499 1
443 447 1
443 477 1
444 477 1
444 471 1
444 478 1
445 485 1
445 493 1
445 474 1
446 484 1
446 475 1
447 485 1
447 462 1
447 450 1
447 470 1
447 499 1
448 499 1
448 473 1
448 474 1
449 469 1
449 481 1
449 499 1
450 496 1
450 499 1
451 457 1
451 452 1
451 491 1
451 499 1
453 472 1
453 456 1
453 500 1
454 468 1
454 459 1
454 489 1
455 475 1
456 458 1
456 499 1
456 473 1
457 487 1
457 500 1
457 499 1
457 464 1
459 460 1
459 463 1
459 499 1
460 479 1
461 496 1
461 478 1
462 499 1
462 491 1
463 499 1
465 469 1
466 480 1
466 472 1
466 482 1
466 483 1
467 479 1
467 474 1
468 488 1
469 483 1
470 482 1
470 496 1
471 479 1
472 487 1
473 497 1
474 478 1
474 480 1
475 499 1
476 495 1
476 480 1
477 484 1
478 499 1
479 499 1
480 499 1
481 482 1
481 485 1
482 499 1
483 499 1
483 486 1
484 499 1
486 496 1
487 494 1
487 490 1
488 493 1
490 499 1
493 494 1
494 499 1
495 499 1
498 499 1
499 500 1
# sommet degre
1 24
2 40
3 41
4 30
5 38
6 28
7 37
8 33
9 34
10 41
11 36
12 31
13 40
14 38
15 38
16 38
17 36
18 33
19 40
20 40
21 38
22 38
23 40
24 37
25 45
26 38
27 32
28 36
29 39
30 40
31 34
32 26
33 34
34 38
35 36
36 37
37 34
38 43
39 34
40 27
41 32
42 38
43 26
44 35
45 38
46 30
47 41
48 40
49 32
50 36
51 30
52 37
53 34
54 37
55 33
56 29
57 35
58 35
59 35
60 43
61 35
62 38
63 32
64 33
65 32
66 28
67 29
68 33
69 31
70 36
71 29
72 37
73 34
74 39
75 33
76 33
77 34
78 36
79 32
80 37
81 31
82 32
83 35
84 29
85 29
86 29
87 27
88 31
89 29
90 28
91 34
92 34
93 30
94 28
95 30
96 34
97 30
98 34
99 35
100 35
101 33
102 40
103 29
104 34
105 32
106 30
107 38
108 29
109 31
110 35
111 33
112 32
113 35
114 31
115 39
116 36
117 33
118 26
119 26
120 39
121 35
122 37
123 31
124 37
125 31
126 36
127 37
128 31
129 29
130 29
131 26
132 34
133 36
134 33
135 41
136 30
137 36
138 33
139 32
140 28
141 23
142 32
143 36
144 29
145 36
146 35
147 35
148 31
149 32
150 31
151 33
152 29
153 36
154 30
155 34
156 32
157 38
158 33
159 30
160 33
161 35
162 35
163 31
164 34
165 32
166 38
167 31
168 33
169 36
170 31
171 29
172 42
173 34
174 30
175 28
176 33
177 36
178 31
179 24
180 31
181 34
182 38
183 29
184 28
185 31
186 32
187 30
188 30
189 28
190 27
191 30
192 29
193 32
194 31
195 29
196 32
197 29
198 30
199 24
200 28
201 32
202 28
203 26
204 28
205 32
206 32
207 31
208 29
209 30
210 30
211 29
212 29
213 34
214 30
215 28
216 32
217 25
218 31
219 30
220 29
221 28
222 32
223 30
224 24
225 30
226 26
227 29
228 33
229 35
230 25
231 31
232 25
233 27
234 34
235 30
236 25
237 29
238 30
239 29
240 30
241 32
242 26
243 30
244 24
245 32
246 30
247 31
248 29
249 29
250 26
251 25
252 28
253 29
254 29
255 35
256 25
257 26
258 26
259 32
260 28
261 32
262 31
263 30
264 29
265 32
266 32
267 27
268 25
269 32
270 29
271 31
272 28
273 29
274 23
275 34
276 34
277 23
278 24
279 29
280 28
281 30
282 26
283 28
284 29
285 29
286 31
287 28
288 23
289 27
290 35
291 28
292 27
293 24
294 27
295 30
296 28
297 29
298 30
299 27
300 26
301 27
302 27
303 32
304 28
305 24
306 34
307 23
308 26
309 24
310 29
311 26
312 27
313 30
314 27
315 32
316 30
317 28
318 27
319 29
320 29
321 25
322 25
323 27
324 26
325 31
326 27
327 25
328 27
329 26
330 26
331 29
332 25
333 26
334 25
335 29
336 26
337 30
338 25
339 26
340 31
341 28
342 25
343 28
344 25
345 29
346 30
347 26
348 28
349 22
350 24
351 27
352 26
353 28
354 22
355 29
356 25
357 30
358 30
359 31
360 27
361 29
362 31
363 27
364 24
365 27
366 25
367 28
368 24
369 21
370 31
371 30
372 27
373 32
374 24
375 31
376 25
377 26
378 24
379 26
380 28
381 32
382 26
383 24
384 27
385 24
386 26
387 25
388 32
389 26
390 24
391 26
392 30
393 28
394 29
395 28
396 26
397 27
398 25
399 25
400 21
401 27
402 25
403 27
404 24
405 33
406 30
407 25
408 25
409 29
410 25
411 26
412 30
413 28
414 23
415 22
416 25
417 26
418 28
419 27
420 26
421 29
422 25
423 27
424 28
425 27
426 27
427 26
428 25
429 27
430 24
431 28
432 28
433 24
434 23
435 24
436 25
437 21
438 25
439 27
440 25
441 25
442 24
443 26
444 23
445 29
446 22
447 27
448 25
449 29
450 22
451 27
452 22
453 25
454 25
455 24
456 28
457 25
458 27
459 24
460 23
461 26
462 30
463 26
464 24
465 24
466 28
467 21
468 29
469 23
470 23
471 22
472 26
473 23
474 29
475 25
476 27
477 29
478 24
479 26
480 28
481 27
482 22
483 31
484 25
485 26
486 23
487 26
488 26
489 27
490 28
491 24
492 26
493 22
494 29
495 25
496 23
497 24
498 26
499 200
500 20
