# nbSommets nbAretes
50 500
# dmin dmax
10 30
# source but val
1 2 1
1 4 1
1 6 1
1 49 1
1 10 1
1 32 1
1 37 1
1 42 1
1 14 1
1 48 1
1 16 1
1 22 1
1 45 1
1 30 1
1 41 1
2 3 1
2 5 1
2 10 1
2 14 1
2 32 1
2 33 1
2 44 1
2 45 1
2 7 1
2 9 1
2 12 1
2 18 1
2 39 1
2 49 1
2 35 1
2 19 1
2 38 1
2 21 1
2 8 1
2 20 1
2 40 1
2 15 1
2 41 1
2 4 1
2 34 1
2 13 1
2 16 1
2 42 1
3 9 1
3 11 1
3 13 1
3 29 1
3 41 1
3 8 1
3 28 1
3 30 1
3 31 1
3 4 1
3 23 1
3 24 1
3 26 1
3 35 1
3 37 1
3 40 1
3 44 1
3 7 1
3 49 1
3 46 1
3 14 1
3 39 1
3 47 1
3 10 1
3 27 1
3 48 1
3 32 1
4 8 1
4 28 1
4 36 1
4 25 1
4 12 1
4 30 1
4 38 1
4 19 1
4 49 1
4 27 1
4 37 1
4 35 1
4 5 1
4 13 1
4 31 1
4 6 1
4 10 1
4 14 1
4 41 1
4 15 1
4 39 1
4 34 1
5 37 1
5 47 1
5 42 1
5 48 1
5 23 1
5 39 1
5 41 1
5 29 1
5 6 1
5 8 1
5 21 1
5 22 1
5 25 1
5 46 1
5 49 1
5 30 1
5 31 1
5 18 1
5 40 1
5 32 1
5 7 1
5 44 1
5 24 1
6 39 1
6 35 1
6 25 1
6 48 1
6 40 1
6 33 1
6 41 1
6 18 1
6 26 1
6 8 1
6 36 1
6 47 1
6 44 1
6 15 1
7 43 1
7 13 1
7 15 1
7 20 1
7 21 1
7 26 1
7 23 1
7 22 1
7 49 1
7 17 1
7 39 1
7 29 1
8 26 1
8 35 1
8 40 1
8 43 1
8 28 1
8 11 1
8 22 1
8 15 1
8 18 1
8 36 1
8 50 1
8 49 1
8 37 1
8 46 1
8 32 1
9 22 1
9 24 1
9 21 1
9 39 1
9 23 1
9 19 1
9 31 1
9 20 1
9 13 1
9 34 1
9 40 1
9 43 1
9 49 1
9 18 1
9 32 1
9 35 1
9 29 1
9 47 1
10 12 1
10 38 1
10 48 1
10 41 1
10 19 1
10 11 1
10 20 1
10 23 1
10 14 1
10 24 1
10 36 1
10 40 1
10 25 1
10 26 1
10 43 1
11 16 1
11 43 1
11 44 1
11 20 1
11 32 1
11 26 1
11 12 1
11 23 1
11 25 1
11 33 1
11 38 1
11 45 1
11 21 1
11 28 1
11 39 1
11 15 1
11 18 1
11 35 1
11 37 1
11 17 1
12 20 1
12 23 1
12 25 1
12 48 1
12 17 1
12 32 1
12 38 1
12 42 1
13 17 1
13 50 1
13 30 1
13 28 1
13 40 1
13 31 1
13 29 1
13 20 1
13 32 1
13 37 1
13 38 1
13 49 1
13 33 1
13 34 1
13 47 1
13 39 1
13 41 1
13 25 1
14 15 1
14 17 1
14 31 1
14 18 1
14 30 1
14 48 1
14 47 1
14 24 1
14 36 1
14 40 1
14 43 1
14 49 1
14 22 1
14 34 1
14 21 1
14 41 1
14 19 1
15 34 1
15 48 1
15 39 1
15 16 1
15 49 1
15 37 1
15 50 1
15 17 1
15 24 1
15 28 1
15 32 1
15 43 1
15 18 1
15 47 1
15 20 1
15 31 1
16 18 1
16 49 1
16 31 1
16 25 1
16 17 1
16 28 1
16 40 1
16 48 1
16 33 1
16 39 1
16 45 1
16 24 1
16 41 1
16 22 1
16 37 1
16 42 1
16 43 1
16 47 1
16 19 1
17 31 1
17 43 1
17 28 1
17 39 1
17 29 1
17 18 1
17 20 1
17 42 1
17 50 1
17 49 1
17 25 1
17 35 1
18 19 1
18 22 1
18 49 1
18 34 1
18 26 1
18 29 1
18 31 1
18 47 1
18 43 1
18 32 1
18 23 1
18 24 1
18 28 1
18 45 1
18 21 1
19 49 1
19 27 1
19 31 1
19 50 1
19 45 1
19 29 1
19 22 1
19 32 1
19 34 1
19 48 1
20 21 1
20 47 1
20 43 1
20 28 1
20 30 1
20 39 1
20 27 1
20 48 1
20 38 1
20 37 1
20 32 1
20 41 1
21 24 1
21 48 1
21 47 1
21 23 1
21 27 1
21 22 1
21 33 1
21 44 1
21 46 1
21 30 1
21 29 1
21 37 1
21 28 1
22 37 1
22 32 1
22 25 1
22 31 1
22 26 1
22 27 1
22 35 1
22 36 1
22 38 1
22 47 1
22 24 1
22 41 1
22 23 1
22 28 1
22 29 1
22 40 1
22 30 1
23 30 1
23 49 1
23 42 1
23 26 1
23 28 1
23 36 1
23 32 1
23 34 1
23 47 1
23 38 1
23 39 1
24 48 1
24 46 1
24 33 1
24 47 1
24 29 1
24 30 1
24 36 1
24 42 1
24 50 1
24 38 1
24 31 1
24 39 1
24 28 1
25 43 1
25 50 1
25 27 1
25 34 1
25 42 1
25 47 1
25 36 1
25 26 1
25 28 1
25 30 1
25 35 1
25 40 1
26 48 1
26 45 1
26 27 1
26 44 1
26 47 1
26 46 1
27 28 1
27 42 1
27 49 1
27 29 1
27 35 1
27 40 1
27 44 1
27 46 1
27 30 1
27 47 1
28 29 1
28 34 1
28 49 1
28 46 1
28 47 1
28 48 1
29 50 1
29 35 1
29 41 1
29 49 1
29 37 1
29 45 1
29 42 1
29 38 1
30 31 1
30 49 1
30 38 1
30 33 1
30 39 1
30 47 1
30 40 1
31 34 1
31 37 1
31 46 1
31 48 1
31 47 1
31 44 1
32 49 1
32 38 1
32 41 1
32 34 1
32 46 1
32 42 1
32 35 1
33 49 1
33 36 1
33 40 1
33 41 1
33 37 1
34 50 1
34 45 1
34 36 1
34 39 1
34 49 1
34 41 1
34 42 1
35 49 1
35 44 1
35 43 1
35 45 1
35 41 1
35 42 1
35 38 1
36 49 1
36 41 1
36 42 1
36 47 1
37 46 1
37 38 1
37 47 1
37 49 1
37 39 1
38 39 1
38 45 1
38 49 1
39 46 1
40 43 1
40 46 1
40 45 1
40 44 1
41 49 1
41 44 1
42 49 1
42 43 1
43 47 1
44 46 1
44 45 1
44 47 1
45 46 1
46 47 1
47 48 1
49 50 1
# sommet degre
1 15
2 29
3 28
4 25
5 25
6 17
7 15
8 20
9 20
10 19
11 23
12 12
13 23
14 22
15 23
16 23
17 19
18 25
19 17
20 21
21 21
22 27
23 21
24 23
25 22
26 16
27 18
28 22
29 21
30 20
31 20
32 22
33 13
34 20
35 20
36 15
37 20
38 18
39 20
40 19
41 20
42 17
43 16
44 15
45 14
46 16
47 26
48 17
49 30
50 10
