# nbSommets nbAretes
20 100
# dmin dmax
5 15
# source but val
1 2 1
1 3 1
1 17 1
1 7 1
1 11 1
1 19 1
1 9 1
1 6 1
1 15 1
1 18 1
2 4 1
2 7 1
2 8 1
2 15 1
2 10 1
2 14 1
2 18 1
2 19 1
2 13 1
2 17 1
2 11 1
2 3 1
3 5 1
3 10 1
3 18 1
3 4 1
3 8 1
3 15 1
3 17 1
3 19 1
3 6 1
3 7 1
4 16 1
4 17 1
4 5 1
4 6 1
4 12 1
5 6 1
5 7 1
5 19 1
5 10 1
5 17 1
6 9 1
6 19 1
6 16 1
6 17 1
6 15 1
6 18 1
6 11 1
7 10 1
7 16 1
7 8 1
7 12 1
7 14 1
7 18 1
7 13 1
7 17 1
8 9 1
8 11 1
8 17 1
8 19 1
8 13 1
8 14 1
8 15 1
9 19 1
9 14 1
9 15 1
9 10 1
9 11 1
9 17 1
9 13 1
10 15 1
10 19 1
10 18 1
10 11 1
11 12 1
11 16 1
11 20 1
11 14 1
11 19 1
11 18 1
11 15 1
12 13 1
12 20 1
12 19 1
12 16 1
12 18 1
13 17 1
13 18 1
13 20 1
13 19 1
13 15 1
14 20 1
14 19 1
14 17 1
14 18 1
14 16 1
17 19 1
18 19 1
19 20 1
# sommet degre
1 10
2 13
3 12
4 7
5 7
6 11
7 12
8 10
9 10
10 9
11 13
12 8
13 10
14 10
15 9
16 6
17 12
18 11
19 15
20 5
